Generating SQLite file nsys_reports/qwen3_fp4_v5.sqlite from nsys_reports/qwen3_fp4_v5.nsys-rep
Processing [nsys_reports/qwen3_fp4_v5.sqlite] with [/opt/nvidia/nsight-systems/2026.1.3/target-linux-sbsa-armv8/reports/nvtx_sum.py]... 

 ** NVTX Range Summary (nvtx_sum):

 Time (%)  Total Time (ns)  Instances    Avg (ns)       Med (ns)      Min (ns)     Max (ns)    StdDev (ns)   Style               Range             
 --------  ---------------  ---------  -------------  -------------  -----------  -----------  -----------  -------  ------------------------------
     16.3      294,920,384          1  294,920,384.0  294,920,384.0  294,920,384  294,920,384          0.0  PushPop  :decode_step14_tokens49       
     16.3      294,741,184          1  294,741,184.0  294,741,184.0  294,741,184  294,741,184          0.0  PushPop  :prefill_step13_tokens2048    
     13.8      248,693,376          1  248,693,376.0  248,693,376.0  248,693,376  248,693,376          0.0  PushPop  :prefill_step12_tokens2048    
     12.4      223,172,224          1  223,172,224.0  223,172,224.0  223,172,224  223,172,224          0.0  PushPop  :decode_step0_tokens64        
     11.5      207,091,024          1  207,091,024.0  207,091,024.0  207,091,024  207,091,024          0.0  PushPop  :prefill_step11_tokens2048    
      5.2       93,211,104          1   93,211,104.0   93,211,104.0   93,211,104   93,211,104          0.0  PushPop  :decode_step1_tokens1         
      1.8       32,981,264          1   32,981,264.0   32,981,264.0   32,981,264   32,981,264          0.0  PushPop  :prefill_step10_tokens2048    
      1.7       31,315,712          1   31,315,712.0   31,315,712.0   31,315,712   31,315,712          0.0  PushPop  :decode_step141_tokens3       
      0.6       10,090,064          1   10,090,064.0   10,090,064.0   10,090,064   10,090,064          0.0  PushPop  :decode_step15_tokens4        
      0.5        8,855,680        192       46,123.3        7,944.0        7,168    7,219,424    520,401.0  PushPop  CCCL:cub::DeviceSelect::Unique
      0.4        7,259,760          1    7,259,760.0    7,259,760.0    7,259,760    7,259,760          0.0  PushPop  :decode_step139_tokens4       
      0.3        4,980,688          1    4,980,688.0    4,980,688.0    4,980,688    4,980,688          0.0  PushPop  :decode_step36_tokens4        
      0.3        4,890,432          1    4,890,432.0    4,890,432.0    4,890,432    4,890,432          0.0  PushPop  :decode_step138_tokens4       
      0.3        4,550,176          1    4,550,176.0    4,550,176.0    4,550,176    4,550,176          0.0  PushPop  :decode_step5_tokens1         
      0.3        4,541,280          1    4,541,280.0    4,541,280.0    4,541,280    4,541,280          0.0  PushPop  :decode_step96_tokens4        
      0.3        4,536,992          1    4,536,992.0    4,536,992.0    4,536,992    4,536,992          0.0  PushPop  :decode_step128_tokens4       
      0.3        4,529,056          1    4,529,056.0    4,529,056.0    4,529,056    4,529,056          0.0  PushPop  :decode_step4_tokens1         
      0.3        4,527,936          1    4,527,936.0    4,527,936.0    4,527,936    4,527,936          0.0  PushPop  :decode_step120_tokens4       
      0.2        4,503,152          1    4,503,152.0    4,503,152.0    4,503,152    4,503,152          0.0  PushPop  :decode_step7_tokens1         
      0.2        4,283,472          1    4,283,472.0    4,283,472.0    4,283,472    4,283,472          0.0  PushPop  :decode_step53_tokens4        
      0.2        4,283,184          1    4,283,184.0    4,283,184.0    4,283,184    4,283,184          0.0  PushPop  :decode_step123_tokens4       
      0.2        4,272,720          1    4,272,720.0    4,272,720.0    4,272,720    4,272,720          0.0  PushPop  :decode_step129_tokens4       
      0.2        4,253,600          1    4,253,600.0    4,253,600.0    4,253,600    4,253,600          0.0  PushPop  :decode_step130_tokens4       
      0.2        4,231,168          1    4,231,168.0    4,231,168.0    4,231,168    4,231,168          0.0  PushPop  :decode_step137_tokens4       
      0.2        4,170,192          1    4,170,192.0    4,170,192.0    4,170,192    4,170,192          0.0  PushPop  :decode_step127_tokens4       
      0.2        4,169,296          1    4,169,296.0    4,169,296.0    4,169,296    4,169,296          0.0  PushPop  :decode_step136_tokens4       
      0.2        4,124,944          1    4,124,944.0    4,124,944.0    4,124,944    4,124,944          0.0  PushPop  :decode_step125_tokens4       
      0.2        4,066,736          1    4,066,736.0    4,066,736.0    4,066,736    4,066,736          0.0  PushPop  :decode_step126_tokens4       
      0.2        4,056,288          1    4,056,288.0    4,056,288.0    4,056,288    4,056,288          0.0  PushPop  :decode_step119_tokens4       
      0.2        4,037,856          1    4,037,856.0    4,037,856.0    4,037,856    4,037,856          0.0  PushPop  :decode_step124_tokens4       
      0.2        4,022,160          1    4,022,160.0    4,022,160.0    4,022,160    4,022,160          0.0  PushPop  :decode_step118_tokens4       
      0.2        4,018,656          1    4,018,656.0    4,018,656.0    4,018,656    4,018,656          0.0  PushPop  :decode_step140_tokens4       
      0.2        3,994,528          1    3,994,528.0    3,994,528.0    3,994,528    3,994,528          0.0  PushPop  :decode_step122_tokens4       
      0.2        3,432,992          1    3,432,992.0    3,432,992.0    3,432,992    3,432,992          0.0  PushPop  :decode_step131_tokens4       
      0.2        3,277,392          1    3,277,392.0    3,277,392.0    3,277,392    3,277,392          0.0  PushPop  :decode_step135_tokens4       
      0.2        3,250,864          1    3,250,864.0    3,250,864.0    3,250,864    3,250,864          0.0  PushPop  :decode_step134_tokens4       
      0.2        3,207,552          1    3,207,552.0    3,207,552.0    3,207,552    3,207,552          0.0  PushPop  :decode_step121_tokens4       
      0.2        3,205,456          1    3,205,456.0    3,205,456.0    3,205,456    3,205,456          0.0  PushPop  :decode_step132_tokens4       
      0.2        3,102,896          1    3,102,896.0    3,102,896.0    3,102,896    3,102,896          0.0  PushPop  :decode_step103_tokens4       
      0.2        3,008,336          1    3,008,336.0    3,008,336.0    3,008,336    3,008,336          0.0  PushPop  :decode_step52_tokens4        
      0.2        2,977,600          1    2,977,600.0    2,977,600.0    2,977,600    2,977,600          0.0  PushPop  :decode_step133_tokens4       
      0.2        2,887,552          1    2,887,552.0    2,887,552.0    2,887,552    2,887,552          0.0  PushPop  :decode_step23_tokens4        
      0.2        2,865,664          1    2,865,664.0    2,865,664.0    2,865,664    2,865,664          0.0  PushPop  :decode_step16_tokens4        
      0.1        2,688,000          1    2,688,000.0    2,688,000.0    2,688,000    2,688,000          0.0  PushPop  :decode_step109_tokens4       
      0.1        2,648,896          1    2,648,896.0    2,648,896.0    2,648,896    2,648,896          0.0  PushPop  :decode_step62_tokens4        
      0.1        2,616,320          1    2,616,320.0    2,616,320.0    2,616,320    2,616,320          0.0  PushPop  :decode_step17_tokens4        
      0.1        2,606,688          1    2,606,688.0    2,606,688.0    2,606,688    2,606,688          0.0  PushPop  :decode_step35_tokens4        
      0.1        2,589,184          1    2,589,184.0    2,589,184.0    2,589,184    2,589,184          0.0  PushPop  :decode_step6_tokens1         
      0.1        2,579,408          1    2,579,408.0    2,579,408.0    2,579,408    2,579,408          0.0  PushPop  :decode_step38_tokens4        
      0.1        2,553,184          1    2,553,184.0    2,553,184.0    2,553,184    2,553,184          0.0  PushPop  :decode_step105_tokens4       
      0.1        2,538,160          1    2,538,160.0    2,538,160.0    2,538,160    2,538,160          0.0  PushPop  :decode_step94_tokens4        
      0.1        2,498,080          1    2,498,080.0    2,498,080.0    2,498,080    2,498,080          0.0  PushPop  :decode_step18_tokens4        
      0.1        2,492,320          1    2,492,320.0    2,492,320.0    2,492,320    2,492,320          0.0  PushPop  :decode_step46_tokens4        
      0.1        2,480,640          1    2,480,640.0    2,480,640.0    2,480,640    2,480,640          0.0  PushPop  :decode_step95_tokens4        
      0.1        2,472,768          1    2,472,768.0    2,472,768.0    2,472,768    2,472,768          0.0  PushPop  :decode_step30_tokens4        
      0.1        2,467,760          1    2,467,760.0    2,467,760.0    2,467,760    2,467,760          0.0  PushPop  :decode_step117_tokens4       
      0.1        2,455,488          1    2,455,488.0    2,455,488.0    2,455,488    2,455,488          0.0  PushPop  :decode_step2_tokens1         
      0.1        2,439,392          1    2,439,392.0    2,439,392.0    2,439,392    2,439,392          0.0  PushPop  :decode_step84_tokens4        
      0.1        2,427,760          1    2,427,760.0    2,427,760.0    2,427,760    2,427,760          0.0  PushPop  :decode_step47_tokens4        
      0.1        2,419,984          1    2,419,984.0    2,419,984.0    2,419,984    2,419,984          0.0  PushPop  :decode_step24_tokens4        
      0.1        2,397,056          1    2,397,056.0    2,397,056.0    2,397,056    2,397,056          0.0  PushPop  :decode_step26_tokens4        
      0.1        2,395,824          1    2,395,824.0    2,395,824.0    2,395,824    2,395,824          0.0  PushPop  :decode_step57_tokens4        
      0.1        2,381,424          1    2,381,424.0    2,381,424.0    2,381,424    2,381,424          0.0  PushPop  :decode_step58_tokens4        
      0.1        2,378,176          1    2,378,176.0    2,378,176.0    2,378,176    2,378,176          0.0  PushPop  :decode_step59_tokens4        
      0.1        2,367,376          1    2,367,376.0    2,367,376.0    2,367,376    2,367,376          0.0  PushPop  :decode_step32_tokens4        
      0.1        2,350,688          1    2,350,688.0    2,350,688.0    2,350,688    2,350,688          0.0  PushPop  :decode_step66_tokens4        
      0.1        2,348,512          1    2,348,512.0    2,348,512.0    2,348,512    2,348,512          0.0  PushPop  :decode_step56_tokens4        
      0.1        2,334,864          1    2,334,864.0    2,334,864.0    2,334,864    2,334,864          0.0  PushPop  :decode_step39_tokens4        
      0.1        2,316,608          1    2,316,608.0    2,316,608.0    2,316,608    2,316,608          0.0  PushPop  :decode_step34_tokens4        
      0.1        2,301,440          1    2,301,440.0    2,301,440.0    2,301,440    2,301,440          0.0  PushPop  :decode_step101_tokens4       
      0.1        2,301,376          1    2,301,376.0    2,301,376.0    2,301,376    2,301,376          0.0  PushPop  :decode_step82_tokens4        
      0.1        2,298,432          1    2,298,432.0    2,298,432.0    2,298,432    2,298,432          0.0  PushPop  :decode_step40_tokens4        
      0.1        2,297,008          1    2,297,008.0    2,297,008.0    2,297,008    2,297,008          0.0  PushPop  :decode_step55_tokens4        
      0.1        2,296,864          1    2,296,864.0    2,296,864.0    2,296,864    2,296,864          0.0  PushPop  :decode_step104_tokens4       
      0.1        2,296,224          1    2,296,224.0    2,296,224.0    2,296,224    2,296,224          0.0  PushPop  :decode_step19_tokens4        
      0.1        2,294,320          1    2,294,320.0    2,294,320.0    2,294,320    2,294,320          0.0  PushPop  :decode_step97_tokens4        
      0.1        2,283,776          1    2,283,776.0    2,283,776.0    2,283,776    2,283,776          0.0  PushPop  :decode_step37_tokens4        
      0.1        2,281,376          1    2,281,376.0    2,281,376.0    2,281,376    2,281,376          0.0  PushPop  :decode_step27_tokens4        
      0.1        2,273,936          1    2,273,936.0    2,273,936.0    2,273,936    2,273,936          0.0  PushPop  :decode_step54_tokens4        
      0.1        2,270,928          1    2,270,928.0    2,270,928.0    2,270,928    2,270,928          0.0  PushPop  :decode_step49_tokens4        
      0.1        2,268,960          1    2,268,960.0    2,268,960.0    2,268,960    2,268,960          0.0  PushPop  :decode_step43_tokens4        
      0.1        2,256,848          1    2,256,848.0    2,256,848.0    2,256,848    2,256,848          0.0  PushPop  :decode_step100_tokens4       
      0.1        2,256,592          1    2,256,592.0    2,256,592.0    2,256,592    2,256,592          0.0  PushPop  :decode_step93_tokens4        
      0.1        2,255,456          1    2,255,456.0    2,255,456.0    2,255,456    2,255,456          0.0  PushPop  :decode_step75_tokens4        
      0.1        2,252,208          1    2,252,208.0    2,252,208.0    2,252,208    2,252,208          0.0  PushPop  :decode_step21_tokens4        
      0.1        2,250,000          1    2,250,000.0    2,250,000.0    2,250,000    2,250,000          0.0  PushPop  :decode_step20_tokens4        
      0.1        2,248,512          1    2,248,512.0    2,248,512.0    2,248,512    2,248,512          0.0  PushPop  :decode_step102_tokens4       
      0.1        2,248,400          1    2,248,400.0    2,248,400.0    2,248,400    2,248,400          0.0  PushPop  :decode_step115_tokens4       
      0.1        2,244,960          1    2,244,960.0    2,244,960.0    2,244,960    2,244,960          0.0  PushPop  :decode_step110_tokens4       
      0.1        2,240,928          1    2,240,928.0    2,240,928.0    2,240,928    2,240,928          0.0  PushPop  :decode_step28_tokens4        
      0.1        2,237,808          1    2,237,808.0    2,237,808.0    2,237,808    2,237,808          0.0  PushPop  :decode_step107_tokens4       
      0.1        2,234,400          1    2,234,400.0    2,234,400.0    2,234,400    2,234,400          0.0  PushPop  :decode_step92_tokens4        
      0.1        2,234,144          1    2,234,144.0    2,234,144.0    2,234,144    2,234,144          0.0  PushPop  :decode_step25_tokens4        
      0.1        2,231,984          1    2,231,984.0    2,231,984.0    2,231,984    2,231,984          0.0  PushPop  :decode_step31_tokens4        
      0.1        2,228,544          1    2,228,544.0    2,228,544.0    2,228,544    2,228,544          0.0  PushPop  :decode_step64_tokens4        
      0.1        2,228,384          1    2,228,384.0    2,228,384.0    2,228,384    2,228,384          0.0  PushPop  :decode_step63_tokens4        
      0.1        2,227,024          1    2,227,024.0    2,227,024.0    2,227,024    2,227,024          0.0  PushPop  :decode_step89_tokens4        
      0.1        2,226,288          1    2,226,288.0    2,226,288.0    2,226,288    2,226,288          0.0  PushPop  :decode_step33_tokens4        
      0.1        2,225,680          1    2,225,680.0    2,225,680.0    2,225,680    2,225,680          0.0  PushPop  :decode_step77_tokens4        
      0.1        2,225,440          1    2,225,440.0    2,225,440.0    2,225,440    2,225,440          0.0  PushPop  :decode_step83_tokens4        
      0.1        2,224,704          1    2,224,704.0    2,224,704.0    2,224,704    2,224,704          0.0  PushPop  :decode_step50_tokens4        
      0.1        2,220,048          1    2,220,048.0    2,220,048.0    2,220,048    2,220,048          0.0  PushPop  :decode_step61_tokens4        
      0.1        2,219,632          1    2,219,632.0    2,219,632.0    2,219,632    2,219,632          0.0  PushPop  :decode_step60_tokens4        
      0.1        2,212,496          1    2,212,496.0    2,212,496.0    2,212,496    2,212,496          0.0  PushPop  :decode_step44_tokens4        
      0.1        2,211,568          1    2,211,568.0    2,211,568.0    2,211,568    2,211,568          0.0  PushPop  :decode_step22_tokens4        
      0.1        2,210,752          1    2,210,752.0    2,210,752.0    2,210,752    2,210,752          0.0  PushPop  :decode_step91_tokens4        
      0.1        2,208,688          1    2,208,688.0    2,208,688.0    2,208,688    2,208,688          0.0  PushPop  :decode_step85_tokens4        
      0.1        2,208,592          1    2,208,592.0    2,208,592.0    2,208,592    2,208,592          0.0  PushPop  :decode_step106_tokens4       
      0.1        2,205,664          1    2,205,664.0    2,205,664.0    2,205,664    2,205,664          0.0  PushPop  :decode_step51_tokens4        
      0.1        2,194,928          1    2,194,928.0    2,194,928.0    2,194,928    2,194,928          0.0  PushPop  :decode_step71_tokens4        
      0.1        2,194,048          1    2,194,048.0    2,194,048.0    2,194,048    2,194,048          0.0  PushPop  :decode_step79_tokens4        
      0.1        2,193,840          1    2,193,840.0    2,193,840.0    2,193,840    2,193,840          0.0  PushPop  :decode_step98_tokens4        
      0.1        2,189,536          1    2,189,536.0    2,189,536.0    2,189,536    2,189,536          0.0  PushPop  :decode_step42_tokens4        
      0.1        2,188,000          1    2,188,000.0    2,188,000.0    2,188,000    2,188,000          0.0  PushPop  :decode_step65_tokens4        
      0.1        2,186,816          1    2,186,816.0    2,186,816.0    2,186,816    2,186,816          0.0  PushPop  :decode_step67_tokens4        
      0.1        2,178,576          1    2,178,576.0    2,178,576.0    2,178,576    2,178,576          0.0  PushPop  :decode_step29_tokens4        
      0.1        2,177,744          1    2,177,744.0    2,177,744.0    2,177,744    2,177,744          0.0  PushPop  :decode_step68_tokens4        
      0.1        2,177,120          1    2,177,120.0    2,177,120.0    2,177,120    2,177,120          0.0  PushPop  :decode_step70_tokens4        
      0.1        2,176,560          1    2,176,560.0    2,176,560.0    2,176,560    2,176,560          0.0  PushPop  :decode_step72_tokens4        
      0.1        2,172,768          1    2,172,768.0    2,172,768.0    2,172,768    2,172,768          0.0  PushPop  :decode_step116_tokens4       
      0.1        2,172,544          1    2,172,544.0    2,172,544.0    2,172,544    2,172,544          0.0  PushPop  :decode_step99_tokens4        
      0.1        2,169,744          1    2,169,744.0    2,169,744.0    2,169,744    2,169,744          0.0  PushPop  :decode_step113_tokens4       
      0.1        2,163,536          1    2,163,536.0    2,163,536.0    2,163,536    2,163,536          0.0  PushPop  :decode_step45_tokens4        
      0.1        2,162,912          1    2,162,912.0    2,162,912.0    2,162,912    2,162,912          0.0  PushPop  :decode_step80_tokens4        
      0.1        2,157,664          1    2,157,664.0    2,157,664.0    2,157,664    2,157,664          0.0  PushPop  :decode_step78_tokens4        
      0.1        2,157,088          1    2,157,088.0    2,157,088.0    2,157,088    2,157,088          0.0  PushPop  :decode_step48_tokens4        
      0.1        2,155,856          1    2,155,856.0    2,155,856.0    2,155,856    2,155,856          0.0  PushPop  :decode_step108_tokens4       
      0.1        2,155,168          1    2,155,168.0    2,155,168.0    2,155,168    2,155,168          0.0  PushPop  :decode_step41_tokens4        
      0.1        2,149,664          1    2,149,664.0    2,149,664.0    2,149,664    2,149,664          0.0  PushPop  :decode_step76_tokens4        
      0.1        2,144,112          1    2,144,112.0    2,144,112.0    2,144,112    2,144,112          0.0  PushPop  :decode_step86_tokens4        
      0.1        2,142,496          1    2,142,496.0    2,142,496.0    2,142,496    2,142,496          0.0  PushPop  :decode_step90_tokens4        
      0.1        2,141,696          1    2,141,696.0    2,141,696.0    2,141,696    2,141,696          0.0  PushPop  :decode_step73_tokens4        
      0.1        2,132,240          1    2,132,240.0    2,132,240.0    2,132,240    2,132,240          0.0  PushPop  :decode_step74_tokens4        
      0.1        2,127,808          1    2,127,808.0    2,127,808.0    2,127,808    2,127,808          0.0  PushPop  :decode_step87_tokens4        
      0.1        2,119,840          1    2,119,840.0    2,119,840.0    2,119,840    2,119,840          0.0  PushPop  :decode_step112_tokens4       
      0.1        2,114,208          1    2,114,208.0    2,114,208.0    2,114,208    2,114,208          0.0  PushPop  :decode_step69_tokens4        
      0.1        2,108,800          1    2,108,800.0    2,108,800.0    2,108,800    2,108,800          0.0  PushPop  :decode_step88_tokens4        
      0.1        2,106,992          1    2,106,992.0    2,106,992.0    2,106,992    2,106,992          0.0  PushPop  :decode_step81_tokens4        
      0.1        2,090,832          1    2,090,832.0    2,090,832.0    2,090,832    2,090,832          0.0  PushPop  :decode_step111_tokens4       
      0.1        2,069,344          1    2,069,344.0    2,069,344.0    2,069,344    2,069,344          0.0  PushPop  :decode_step114_tokens4       
      0.1        2,003,472          1    2,003,472.0    2,003,472.0    2,003,472    2,003,472          0.0  PushPop  :decode_step3_tokens1         
      0.1        1,380,368         16       86,273.0          528.0           48      337,968    109,176.9  PushPop  NCCL:ncclGroupStart           
      0.1        1,331,104        192        6,932.8        4,352.0        3,616      426,912     30,503.5  PushPop  CCCL:cub::DeviceRadixSort     
      0.0          721,312          1      721,312.0      721,312.0      721,312      721,312          0.0  PushPop  :decode_step142_tokens0       
      0.0          447,984          1      447,984.0      447,984.0      447,984      447,984          0.0  PushPop  :decode_step143_tokens0       
      0.0          388,912          1      388,912.0      388,912.0      388,912      388,912          0.0  PushPop  :decode_step8_tokens0         
      0.0           94,992          1       94,992.0       94,992.0       94,992       94,992          0.0  PushPop  :decode_step9_tokens0         
      0.0           18,304         16        1,144.0          584.0           96        5,712      1,478.3  PushPop  NCCL:ncclGroupEnd             

Processing [nsys_reports/qwen3_fp4_v5.sqlite] with [/opt/nvidia/nsight-systems/2026.1.3/target-linux-sbsa-armv8/reports/osrt_sum.py]... 

 ** OS Runtime Summary (osrt_sum):

 Time (%)   Total Time (ns)   Num Calls      Avg (ns)           Med (ns)        Min (ns)        Max (ns)         StdDev (ns)              Name         
 --------  -----------------  ---------  -----------------  ----------------  -------------  ---------------  -----------------  ----------------------
     27.5  5,523,864,396,048     27,389      201,681,857.5     100,159,536.0          1,344  325,302,067,984    5,196,600,959.8  pthread_cond_timedwait
     22.6  4,547,337,005,040         34  133,745,206,030.6         664,664.0         12,208  324,818,749,376  162,259,661,882.2  pthread_cond_wait     
     21.0  4,225,129,864,864    222,120       19,021,834.4      10,159,472.0          1,008  332,248,091,344    1,282,732,723.8  epoll_wait            
     13.0  2,609,623,694,192        223   11,702,348,404.4         312,224.0          1,008  135,779,918,768   37,954,077,912.3  futex                 
      5.7  1,146,775,899,440      7,249      158,197,806.5     100,208,160.0          1,008  156,486,009,376    1,899,063,969.7  poll                  
      3.3    670,817,223,728        319    2,102,875,309.5      17,814,304.0         15,904  167,328,308,720   18,035,989,519.5  sem_wait              
      2.6    527,055,514,256         54    9,760,287,301.0  10,000,511,880.0  1,321,407,120   10,001,061,296    1,307,962,308.3  sem_clockwait         
      2.4    490,321,470,464      3,875      126,534,573.0      28,146,592.0          1,008    2,827,626,992      272,534,635.1  epoll_pwait           
      1.6    330,967,091,552     33,714        9,816,903.7           2,656.0          1,008  321,724,665,200    1,752,413,325.9  read                  
      0.0      8,545,211,232      7,746        1,103,177.3          10,808.0          1,008      506,110,784       13,528,412.1  ioctl                 
      0.0      3,962,649,168         91       43,545,595.3      20,292,736.0          2,032    1,596,552,992      177,183,310.8  waitpid               
      0.0      1,206,560,240        523        2,306,998.5         175,696.0          1,008    1,091,615,984       47,723,964.3  recv                  
      0.0        453,593,520    216,780            2,092.4           1,728.0          1,008          669,424            2,831.8  stat64                
      0.0        161,268,736     49,600            3,251.4           2,496.0          1,008        4,197,968           19,116.9  open64                
      0.0        111,515,728        532          209,616.0           2,680.0          1,008       14,684,704        1,269,553.4  fread                 
      0.0        106,219,472         21        5,058,070.1       5,054,864.0      5,024,704        5,142,320           20,461.1  nanosleep             
      0.0         68,274,208     39,299            1,737.3           1,216.0          1,008          505,232            5,114.0  mmap64                
      0.0         50,670,192         53          956,041.4         331,744.0         14,688        8,175,888        1,920,309.8  pthread_join          
      0.0         48,089,904      2,120           22,683.9           9,864.0          1,024        7,546,736          168,761.8  write                 
      0.0         43,465,744        118          368,353.8          47,176.0         15,280       35,348,032        3,249,606.2  pthread_create        
      0.0         42,195,120         19        2,220,795.8         418,672.0         36,560       11,491,616        3,243,556.3  pthread_rwlock_wrlock 
      0.0         22,419,776         62          361,609.3         293,224.0        194,656        1,312,992          203,215.7  posix_spawn           
      0.0         20,772,672      7,244            2,867.6           1,480.0          1,008          500,912           13,882.0  close                 
      0.0         18,064,256        527           34,277.5          37,136.0          1,216          161,632           22,573.9  send                  
      0.0         17,486,480        164          106,624.9          21,840.0         15,920        9,976,592          799,561.1  backtrace             
      0.0         15,684,368          4        3,921,092.0           4,072.0          1,168       15,675,056        7,835,976.1  getdelim              
      0.0         13,176,768         10        1,317,676.8         465,792.0         22,368        6,843,872        2,130,696.9  pthread_rwlock_rdlock 
      0.0         12,983,488        673           19,292.0           3,088.0          1,008        2,730,608          124,330.0  fopen                 
      0.0          9,615,616      6,198            1,551.4           1,200.0          1,008          113,584            1,909.6  lstat64               
      0.0          5,955,552         78           76,353.2          14,392.0          1,008        3,416,672          388,621.4  pthread_mutex_lock    
      0.0          5,329,808          1        5,329,808.0       5,329,808.0      5,329,808        5,329,808                0.0  fsync                 
      0.0          3,096,768         69           44,880.7          27,152.0          1,408          817,712          111,938.7  fwrite                
      0.0          2,183,888        968            2,256.1           1,232.0          1,008           65,648            2,887.0  fclose                
      0.0          2,182,496        644            3,389.0           2,288.0          1,008           60,608            3,788.3  pthread_cond_signal   
      0.0          2,101,040        452            4,648.3           2,712.0          1,008          362,384           17,337.3  open                  
      0.0          2,078,848        222            9,364.2           1,296.0          1,008          136,288           20,645.2  fgets                 
      0.0          1,921,920         10          192,192.0         137,568.0         13,888          494,336          137,113.0  sem_timedwait         
      0.0            919,648        638            1,441.5           1,184.0          1,008           12,384              952.0  fstat64               
      0.0            857,824        215            3,989.9           3,552.0          1,008           14,016            2,010.8  epoll_ctl             
      0.0            822,832        497            1,655.6           1,232.0          1,008           16,496            1,509.8  pthread_cond_broadcast
      0.0            513,456          8           64,182.0          43,576.0          2,176          244,048           83,667.2  getc                  
      0.0            503,280         34           14,802.4           9,104.0          1,216           70,288           15,237.8  close_range           
      0.0            434,384         94            4,621.1           2,400.0          1,168           74,400            7,712.9  pipe2                 
      0.0            423,648         10           42,364.8          18,872.0          9,264          184,672           57,750.2  connect               
      0.0            280,624         49            5,727.0           4,304.0          1,424           13,744            4,134.3  socket                
      0.0            267,648         31            8,633.8           7,440.0          1,008           40,752            8,425.2  fopen64               
      0.0            196,528        127            1,547.5           1,248.0          1,008           12,416            1,223.9  sigaction             
      0.0            141,776         26            5,452.9           3,464.0          1,024           39,280            7,386.1  bind                  
      0.0            106,256          5           21,251.2           6,128.0          4,720           48,672           21,722.4  writev                
      0.0            105,648         18            5,869.3           6,128.0          1,008           12,112            4,199.1  fflush                
      0.0             82,960         35            2,370.3           1,808.0          1,008            6,448            1,405.3  fcntl                 
      0.0             82,960          9            9,217.8           9,824.0          2,160           14,528            4,234.4  accept4               
      0.0             63,248         22            2,874.9           1,624.0          1,312            7,040            2,119.1  stat                  
      0.0             54,464         30            1,815.5           1,432.0          1,008            3,824              879.4  dup2                  
      0.0             29,472          4            7,368.0           6,248.0          3,536           13,440            4,630.1  socketpair            
      0.0             27,712         17            1,630.1           1,504.0          1,200            3,856              610.0  fstat                 
      0.0             22,448         13            1,726.8           1,568.0          1,136            3,184              562.3  fcntl64               
      0.0             21,344          6            3,557.3           2,824.0          1,392            8,752            2,612.4  statx                 
      0.0             20,256          6            3,376.0           2,664.0          2,208            6,560            1,639.1  fputs                 
      0.0             16,880          5            3,376.0           2,336.0          2,000            7,616            2,383.9  listen                
      0.0             15,616          3            5,205.3           5,296.0          4,720            5,600              447.0  pthread_mutex_trylock 
      0.0             13,120          3            4,373.3           3,840.0          2,752            6,528            1,943.7  fflush_unlocked       
      0.0              8,096          5            1,619.2           1,600.0          1,104            2,400              481.5  prctl                 
      0.0              7,904          3            2,634.7           1,744.0          1,744            4,416            1,542.7  fwrite_unlocked       
      0.0              7,696          1            7,696.0           7,696.0          7,696            7,696                0.0  kill                  
      0.0              7,584          4            1,896.0           1,960.0          1,536            2,128              256.8  fputs_unlocked        
      0.0              4,224          3            1,408.0           1,120.0          1,120            1,984              498.8  fdopen                
      0.0              1,712          1            1,712.0           1,712.0          1,712            1,712                0.0  mprotect              

Processing [nsys_reports/qwen3_fp4_v5.sqlite] with [/opt/nvidia/nsight-systems/2026.1.3/target-linux-sbsa-armv8/reports/cuda_api_sum.py]... 

 ** CUDA API Summary (cuda_api_sum):

 Time (%)  Total Time (ns)  Num Calls    Avg (ns)     Med (ns)    Min (ns)    Max (ns)     StdDev (ns)                  Name                
 --------  ---------------  ---------  ------------  -----------  --------  -------------  ------------  -----------------------------------
     82.9  103,453,254,336     94,305   1,097,007.1      3,408.0     1,104  3,475,597,872  15,776,334.4  cudaMemcpyAsync                    
      5.7    7,155,161,168        640  11,179,939.3    884,584.0     3,376    515,530,720  46,317,378.9  cudaMalloc                         
      3.0    3,778,777,776      3,221   1,173,169.1     11,792.0       976    101,110,240   5,668,659.4  cudaDeviceSynchronize              
      2.9    3,592,824,336        467   7,693,414.0      9,616.0     2,000    281,918,912  22,467,253.6  cudaEventSynchronize               
      1.8    2,302,659,824     79,671      28,902.1      1,584.0       368     22,548,416     403,596.6  cudaStreamSynchronize              
      0.5      682,756,640     96,191       7,097.9      2,864.0       784     13,968,816     103,925.7  cudaLaunchKernel                   
      0.5      654,389,552      2,634     248,439.5    122,048.0    72,944      9,048,736     762,864.0  cudaGraphInstantiateWithFlags      
      0.5      631,365,168        357   1,768,529.9    241,552.0     8,832     18,935,552   4,020,802.4  cudaFree                           
      0.5      613,236,208         54  11,356,226.1  5,551,176.0    21,680     93,702,688  18,001,678.7  cuLibraryLoadData                  
      0.5      572,644,512    107,396       5,332.1      3,088.0       736      3,132,816      40,501.4  cudaLaunchKernelExC                
      0.2      291,551,840     55,368       5,265.7      2,480.0       656     11,533,424      79,184.5  cuLaunchKernel                     
      0.2      202,192,272        232     871,518.4  1,197,744.0    29,168      8,190,128     839,807.3  cudaGraphLaunch                    
      0.2      189,518,448          5  37,903,689.6     89,184.0    72,112    187,951,360  83,880,906.7  cuModuleLoadData                   
      0.1      168,169,840         13  12,936,141.5     37,792.0     5,888    167,425,216  46,418,256.4  cudaMemGetInfo                     
      0.1      102,038,032         80   1,275,475.4    460,800.0     1,024      3,635,552   1,320,945.8  cudaHostAlloc                      
      0.0       45,528,688      8,373       5,437.6      2,688.0       832      7,593,536      84,243.2  cuLaunchKernelEx                   
      0.0       45,512,528    322,299         141.2        128.0        64        556,592         986.8  cudaGetDriverEntryPointByVersion   
      0.0       44,034,560        135     326,181.9     36,416.0    14,464      1,704,720     479,427.0  cudaGraphExecDestroy               
      0.0       38,754,064    322,296         120.2         80.0         0        499,344         888.1  cuTensorMapEncodeTiled             
      0.0       38,328,000      2,634      14,551.3      4,880.0     3,520        764,560      78,909.4  cudaGraphDestroy                   
      0.0       37,153,040     19,387       1,916.4      1,648.0       368        990,592       9,218.3  cudaEventRecordWithFlags           
      0.0       33,995,584     11,856       2,867.4      2,080.0       496        286,896       7,221.3  cudaMemsetAsync                    
      0.0       18,038,944    120,808         149.3        144.0        64        331,264         960.4  cudaStreamGetCaptureInfo           
      0.0       17,129,632     97,970         174.8        160.0        80         10,448         154.2  cudaStreamIsCapturing              
      0.0       15,761,344     19,376         813.4        208.0       128      6,377,088      57,086.0  cudaEventDestroy                   
      0.0       15,284,752     19,402         787.8        336.0       192      6,408,832      46,009.0  cudaEventCreateWithFlags           
      0.0        6,353,568     19,370         328.0        288.0       176         14,992         314.9  cudaEventQuery                     
      0.0        5,392,688     96,191          56.1         32.0         0        199,984       1,017.6  cuKernelGetName                    
      0.0        4,954,752        128      38,709.0      1,968.0     1,408        412,416      73,431.8  cudaStreamCreateWithPriority       
      0.0        4,672,512         57      81,973.9     52,208.0    27,648        253,360      61,591.2  cuModuleLoad                       
      0.0        3,621,008      2,634       1,374.7        960.0       688         51,600       3,210.9  cudaStreamEndCapture               
      0.0        3,229,936        946       3,414.3        208.0       144      2,085,952      71,635.6  cuKernelGetFunction                
      0.0        3,219,824        111      29,007.4      1,280.0       160      1,002,016     111,872.1  cuLibraryGetKernel                 
      0.0        2,673,392      8,016         333.5        208.0       112        220,096       3,285.0  cuKernelSetAttribute               
      0.0        2,308,752      2,634         876.5        640.0       464        317,920       6,204.2  cudaStreamBeginCapture             
      0.0        1,583,776        468       3,384.1      2,160.0       512        248,368      11,569.1  cudaEventRecord                    
      0.0        1,081,456      2,634         410.6        336.0       240          6,960         477.7  cudaGraphGetNodes                  
      0.0          935,328      5,292         176.7        144.0        64          4,880         132.1  cudaThreadExchangeStreamCaptureMode
      0.0          354,192        142       2,494.3      2,248.0       960          7,280       1,152.1  cudaStreamWaitEvent                
      0.0          207,552      1,373         151.2        128.0        16            896         106.5  cuGetProcAddress_v2                
      0.0           23,088          3       7,696.0      4,800.0     1,888         16,400       7,677.2  cudaFreeHost                       
      0.0            7,504          5       1,500.8      1,696.0       464          2,928       1,020.0  cuInit                             
      0.0              608          3         202.7        176.0        48            384         169.6  cuModuleGetLoadingMode             
      0.0              352          2         176.0        176.0        80            272         135.8  cudaGetDeviceProperties            

Processing [nsys_reports/qwen3_fp4_v5.sqlite] with [/opt/nvidia/nsight-systems/2026.1.3/target-linux-sbsa-armv8/reports/cuda_gpu_kern_sum.py]... 

 ** CUDA GPU Kernel Summary (cuda_gpu_kern_sum):

 Time (%)  Total Time (ns)  Instances    Avg (ns)      Med (ns)     Min (ns)    Max (ns)   StdDev (ns)                                                  Name                                                
 --------  ---------------  ---------  ------------  ------------  ----------  ----------  -----------  ----------------------------------------------------------------------------------------------------
     15.9    2,091,439,833     29,452      71,011.8     100,352.0         672     431,424     57,033.9  void at::native::vectorized_elementwise_kernel<(int)4, at::native::FillFunctor<int>, std::array<cha…
     13.0    1,709,327,427      4,360     392,047.6     299,488.0      32,576   1,774,976    304,100.5  void cutlass::device_kernel<cutlass::gemm::kernel::GemmUniversal<cutlass::gemm::GroupProblemShape<c…
     10.8    1,422,884,635     10,882     130,755.8      73,152.0      32,704   1,090,400    130,835.2  void cutlass::device_kernel<cutlass::gemm::kernel::GemmUniversal<cutlass::gemm::GroupProblemShape<c…
      7.0      919,950,017      6,596     139,470.9     124,800.0      33,952   1,212,192    102,120.0  void cutlass::device_kernel<cutlass::gemm::kernel::GemmUniversal<cutlass::gemm::GroupProblemShape<c…
      3.9      508,820,377      1,028     494,961.5     476,335.5      53,792   1,792,704    266,678.9  void cutlass::device_kernel<cutlass::gemm::kernel::GemmUniversal<cutlass::gemm::GroupProblemShape<c…
      3.8      500,494,528         96   5,213,484.7   4,786,768.0      21,152  12,369,856  5,215,428.9  void at::native::vectorized_elementwise_kernel<(int)4, at::native::FillFunctor<signed char>, std::a…
      3.5      457,308,652     14,672      31,168.8      29,952.0      11,360     339,648      9,981.4  void cutlass::device_kernel<cutlass::gemm::kernel::GemmUniversal<cute::tuple<int, int, int, int>, c…
      3.2      422,076,448        412   1,024,457.4   1,024,416.0   1,023,840   1,029,728        519.5  tensorrt_llm::kernels::delayStreamKernel(long long)                                                 
      3.1      400,962,490        288   1,392,230.9   1,145,920.0      10,432   3,673,664  1,289,714.4  void flashinfer::BatchPrefillWithPagedKVCacheKernel<flashinfer::KernelTraits<(flashinfer::MaskMode)…
      2.9      386,435,668      8,304      46,536.1      48,160.0       4,992     237,632     14,754.6  void flashinfer::BatchPrefillWithPagedKVCacheKernel<flashinfer::KernelTraits<(flashinfer::MaskMode)…
      2.6      339,808,352        368     923,392.3       7,392.0       5,824   3,037,856  1,256,218.3  void cutlass::Kernel2<cutlass_80_wmma_tensorop_bf16_s161616gemm_bf16_16x16_128x2_tn_align8>(T1::Par…
      2.5      335,125,760      4,250      78,853.1      91,504.0       1,856     282,976     70,538.2  triton_                                                                                             
      1.6      209,463,198     12,282      17,054.5       3,136.0       2,528     434,496     43,907.6  void tensorrt_llm::kernels::cutlass_kernels::doActivationKernel<__nv_fp4_e2m1, __nv_bfloat16, __nv_…
      1.5      203,660,446      5,120      39,777.4      35,424.0      11,040     228,416     16,965.2  void cutlass::device_kernel<cutlass::gemm::kernel::GemmUniversal<cute::tuple<int, int, int, int>, c…
      1.5      198,063,195     12,271      16,140.8       1,024.0         864     198,656     41,678.5  triton_red_fused_3                                                                                  
      1.5      193,759,552        260     745,229.0     705,248.0      73,568   3,064,992    519,686.2  void cutlass::device_kernel<cutlass::gemm::kernel::GemmUniversal<cutlass::gemm::GroupProblemShape<c…
      1.4      181,565,312         96   1,891,305.3   1,875,968.0     375,456   3,917,952  1,503,656.2  void at::native::<unnamed>::CatArrayBatchedCopy<at::native::<unnamed>::OpaqueType<(unsigned int)1>,…
      1.3      170,330,464      1,507     113,026.2     104,000.0         864     367,040     61,363.5  triton_red_fused_2                                                                                  
      1.3      166,986,783        692     241,310.4      77,136.0      33,184   1,281,696    310,844.8  void cutlass::device_kernel<cutlass::gemm::kernel::GemmUniversal<cutlass::gemm::GroupProblemShape<c…
      1.2      159,879,869     11,423      13,996.3       1,408.0       1,056     250,304     41,626.6  triton_poi_fused_4                                                                                  
      1.1      147,495,365     11,232      13,131.7       3,328.0       2,752     306,368     26,278.4  void tensorrt_llm::kernels::cutlass_kernels::expandInputRowsKernel<__nv_fp4_e2m1, __nv_fp4_e2m1, (t…
      1.1      139,371,991        260     536,046.1     509,056.0      36,256   1,303,584    386,943.9  void cutlass::device_kernel<cutlass::gemm::kernel::GemmUniversal<cutlass::gemm::GroupProblemShape<c…
      1.1      139,036,352        260     534,755.2     511,488.0      40,608   1,492,128    380,977.6  void cutlass::device_kernel<cutlass::gemm::kernel::GemmUniversal<cutlass::gemm::GroupProblemShape<c…
      1.0      136,427,360        260     524,720.6     485,952.0      34,144   1,677,152    394,732.2  void cutlass::device_kernel<cutlass::gemm::kernel::GemmUniversal<cutlass::gemm::GroupProblemShape<c…
      1.0      127,792,176     33,696       3,792.5       2,304.0       1,728     132,512      6,792.8  void vllm::cvt_fp16_to_fp4<__nv_bfloat16, (bool)0>(int, int, int, const T1 *, const float *, unsign…
      0.9      112,644,284      2,704      41,658.4      29,760.0      11,136     281,440     33,447.1  void cutlass::device_kernel<cutlass::gemm::kernel::GemmUniversal<cute::tuple<int, int, int, int>, c…
      0.8      105,288,123        896     117,509.1     117,280.0      20,864     526,720     65,576.5  void cutlass::device_kernel<cutlass::gemm::kernel::GemmUniversal<cute::tuple<int, int, int, int>, c…
      0.7       97,130,879      6,288      15,447.0      14,496.0      13,824     144,320      3,891.8  void cutlass::Kernel2<cutlass_80_wmma_tensorop_bf16_s161616gemm_bf16_16x16_128x1_tn_align8>(T1::Par…
      0.7       92,510,238     10,999       8,410.8       2,848.0       1,728     256,736     24,480.2  triton_red_fused__to_copy_add_mean_mul_pow_rsqrt_scaled_fp4_quant_zeros_2                           
      0.6       83,586,816        659     126,838.9     188,160.0       1,216     255,872     89,026.9  triton_poi_fused_3                                                                                  
      0.6       82,489,006     11,234       7,342.8       2,624.0       1,600     185,184     19,792.8  triton_red_fused__to_copy_add_mean_moe_forward_mul_pow_rsqrt_1                                      
      0.5       69,250,842      1,184      58,488.9      55,344.0      11,616     265,888     31,572.4  void cutlass::device_kernel<cutlass::gemm::kernel::GemmUniversal<cute::tuple<int, int, int, int>, c…
      0.5       68,693,024        130     528,407.9     675,200.0      76,384     957,664    271,903.5  void cutlass::device_kernel<cutlass::gemm::kernel::GemmUniversal<cutlass::gemm::GroupProblemShape<c…
      0.4       51,865,721     13,728       3,778.1       2,592.0         736      83,904      6,256.2  void vllm::reshape_and_cache_flash_kernel<__nv_bfloat16, unsigned char, (vllm::Fp8KVCacheDataType)1…
      0.4       49,896,160        226     220,779.5      74,592.0      35,360     675,072    207,294.9  void cutlass::device_kernel<cutlass::gemm::kernel::GemmUniversal<cutlass::gemm::GroupProblemShape<c…
      0.3       44,396,945     12,192       3,641.5       2,496.0       1,824      99,168      2,679.3  void tensorrt_llm::kernels::cutlass_kernels::computeStridesTmaWarpSpecializedKernel<__nv_fp4_e2m1, …
      0.3       43,664,928        130     335,884.1     396,464.0      32,096     721,600    201,968.4  void cutlass::device_kernel<cutlass::gemm::kernel::GemmUniversal<cutlass::gemm::GroupProblemShape<c…
      0.3       43,312,928        130     333,176.4     390,016.0      32,000     625,088    197,068.3  void cutlass::device_kernel<cutlass::gemm::kernel::GemmUniversal<cutlass::gemm::GroupProblemShape<c…
      0.3       42,418,240        130     326,294.2     382,784.0      32,736     586,560    191,259.2  void cutlass::device_kernel<cutlass::gemm::kernel::GemmUniversal<cutlass::gemm::GroupProblemShape<c…
      0.3       42,149,888         12   3,512,490.7   3,509,184.0   3,477,888   3,636,000     42,991.1  std::enable_if<!T7, void>::type internal::gemvx::kernel<int, int, __nv_bfloat16, __nv_bfloat16, __n…
      0.3       41,633,726     11,232       3,706.7       3,456.0       3,360      40,864      1,298.2  void vllm::moe::topkGating<(int)8, (int)128, (int)4, (int)16, (int)32, int, __nv_bfloat16, (vllm::m…
      0.3       37,264,724      1,434      25,986.6       8,192.0       3,327     354,144     58,546.4  void tensorrt_llm::kernels::cutlass_kernels::finalizeMoeRoutingKernel<__nv_bfloat16, __nv_bfloat16,…
      0.3       35,921,088      5,426       6,620.2       3,296.0         704     101,760      9,661.2  void at::native::vectorized_elementwise_kernel<(int)4, at::native::FillFunctor<c10::BFloat16>, std:…
      0.3       34,522,464          2  17,261,232.0  17,261,232.0  16,054,912  18,467,552  1,705,994.1  _topk_topp_kernel                                                                                   
      0.2       32,090,490      8,304       3,864.5       2,400.0       1,216      79,072      4,184.9  void flashinfer::PersistentVariableLengthMergeStatesKernel<(unsigned int)8, (unsigned int)16, (unsi…
      0.2       28,497,211        416      68,502.9      53,136.0      20,768     206,464     41,802.8  void cutlass::device_kernel<cutlass::gemm::kernel::GemmUniversal<cute::tuple<int, int, int, int>, c…
      0.2       20,186,464        192     105,137.8      52,960.0       6,368     708,608    127,614.7  void at::native::elementwise_kernel<(int)128, (int)4, void at::native::gpu_kernel_impl_nocast<at::n…
      0.1       17,202,440      7,152       2,405.3       2,336.0       2,080      19,968        571.9  void tensorrt_llm::kernels::cutlass_kernels::fusedBuildExpertMapsSortFirstTokenKernel<(int)32, (int…
      0.1       15,524,024     12,082       1,284.9         736.0         512      51,008      1,538.6  triton_poi_fused_0                                                                                  
      0.1       14,175,968     12,336       1,149.2         992.0         960      14,112        808.0  void at::native::elementwise_kernel<(int)128, (int)2, void at::native::gpu_kernel_impl_nocast<at::n…
      0.1       14,099,232      1,296      10,879.0       9,472.0       7,040     136,704      6,562.4  nvjet_sm121_tst_mma_32x64x64_8_32x16x64_tmaAB_alignCD4_splitK_TNNN                                  
      0.1        9,938,016         61     162,918.3      54,080.0       1,344   3,545,344    620,620.2  void at::native::<unnamed>::distribution_elementwise_grid_stride_kernel<float, (int)4, void at::nat…
      0.1        8,253,536      3,312       2,492.0       1,888.0       1,344      79,072      2,967.1  void cublasLt::splitKreduce_kernel<(int)32, (int)16, int, float, __nv_bfloat16, float, __nv_bfloat1…
      0.1        8,092,096          2   4,046,048.0   4,046,048.0   4,040,384   4,051,712      8,010.1  void cutlass::Kernel2<cutlass_80_tensorop_bf16_s16816gemm_relu_bf16_128x256_32x3_tn_align8>(T1::Par…
      0.1        8,044,339      2,608       3,084.5       2,464.0       1,856      43,776      2,412.9  void tensorrt_llm::kernels::cutlass_kernels::blockExpertPrefixSumKernel<(int)256>(const int *, int …
      0.1        7,886,944        288      27,385.2      25,472.0      22,496      97,280      8,221.7  nvjet_sm121_tst_mma_64x104x64_4_16x104x64_tmaAB_alignCD4_bz_TNNN                                    
      0.1        7,350,560        192      38,284.2      23,024.0       1,088     123,392     42,102.4  void at::native::vectorized_elementwise_kernel<(int)4, at::native::FillFunctor<c10::Float8_e4m3fn>,…
      0.1        7,235,136        768       9,420.8       8,048.0       6,400      72,864      5,704.1  nvjet_sm121_tst_mma_64x32x64_8_16x32x64_tmaAB_alignCD4_splitK_TNNN                                  
      0.1        6,908,701      3,152       2,191.8       1,600.0         896      53,792      2,137.8  tensorrt_llm::kernels::cutlass_kernels::mergeExpertPrefixSumKernel(const int *, const int *, const …
      0.1        6,867,808        432      15,897.7      14,608.0      11,776      44,640      3,945.9  nvjet_sm121_tst_mma_32x64x64_8_32x16x64_tmaAB_alignCD4_bz_TNNN                                      
      0.0        5,463,488          2   2,731,744.0   2,731,744.0   2,696,352   2,767,136     50,051.8  void at::native::<unnamed>::cunn_SoftMaxForward<(int)4, float, float, float, at::native::<unnamed>:…
      0.0        5,433,792         20     271,689.6     245,024.0     208,576     436,416     66,144.8  tensorrt_llm::kernels::cutlass_kernels::populateRandomBufferKernel(void *, unsigned long)           
      0.0        4,454,624          2   2,227,312.0   2,227,312.0   2,208,832   2,245,792     26,134.7  void at::native::vectorized_elementwise_kernel<(int)4, at::native::FillFunctor<unsigned char>, std:…
      0.0        4,274,752          2   2,137,376.0   2,137,376.0   2,057,984   2,216,768    112,277.2  void at::native::vectorized_elementwise_kernel<(int)4, at::native::BinaryFunctor<float, float, floa…
      0.0        3,751,264        144      26,050.4       6,592.0       5,632     732,384    114,794.8  void at::native::reduce_kernel<(int)512, (int)1, at::native::ReduceOp<float, at::native::ArgMaxOps<…
      0.0        3,472,512        142      24,454.3       8,128.0       2,496   1,207,456    134,975.3  void at::native::unrolled_elementwise_kernel<at::native::direct_copy_kernel_cuda(at::TensorIterator…
      0.0        3,309,600        309      10,710.7       1,504.0         896     380,800     39,747.3  void at::native::vectorized_elementwise_kernel<(int)4, at::native::AUnaryFunctor<float, float, floa…
      0.0        3,132,926      1,968       1,591.9       1,248.0       1,152      38,432      1,765.5  void tensorrt_llm::kernels::cutlass_kernels::globalExpertPrefixSumKernel<(int)128>(const int *, int…
      0.0        2,771,895        288       9,624.6       9,280.0       8,576      35,776      2,313.8  void tensorrt_llm::kernels::cutlass_kernels::blockExpertPrefixSumKernel<(int)512>(const int *, int …
      0.0        2,754,656        164      16,796.7       1,008.0         896     366,272     50,843.8  void at::native::vectorized_elementwise_kernel<(int)4, at::native::CUDAFunctorOnSelf_add<float>, st…
      0.0        2,732,671        768       3,558.2       3,104.0       2,688      35,424      2,340.1  void tensorrt_llm::kernels::cutlass_kernels::fusedBuildExpertMapsSortFirstTokenKernel<(int)128, (in…
      0.0        2,594,432        288       9,008.4       7,808.0       6,656      59,616      6,161.6  nvjet_sm121_tst_mma_32x128x64_4_16x64x64_tmaAB_alignCD4_splitK_TNNN                                 
      0.0        2,535,296          2   1,267,648.0   1,267,648.0   1,250,496   1,284,800     24,256.6  void at::native::elementwise_kernel<(int)128, (int)2, void at::native::gpu_kernel_impl_nocast<at::n…
      0.0        2,497,024        336       7,431.6       6,784.0       5,536      50,592      3,496.6  nvjet_sm121_tst_mma_64x56x64_6_16x56x64_tmaAB_alignCD4_splitK_TNNN                                  
      0.0        2,454,208        192      12,782.3      12,640.0      10,848      18,176      1,096.8  nvjet_sm121_tst_mma_64x32x64_8_16x32x64_tmaAB_alignCD4_bz_TNNN                                      
      0.0        2,409,312        235      10,252.4       5,536.0       3,584     109,152     17,421.3  triton_red_fused_1                                                                                  
      0.0        2,400,608        288       8,335.4       7,680.0       6,144      25,568      2,416.6  nvjet_sm121_tst_mma_64x32x64_8_64x8x64_tmaAB_alignCD4_splitK_TNNN                                   
      0.0        2,168,128        192      11,292.3      11,136.0      11,040      20,384        797.2  void at_cuda_detail::cub::detail::radix_sort::DeviceRadixSortSingleTileKernel<at_cuda_detail::cub::…
      0.0        2,119,680        432       4,906.7       4,288.0       3,584      30,656      1,724.8  std::enable_if<!T7, void>::type internal::gemvx::kernel<int, int, __nv_bfloat16, __nv_bfloat16, __n…
      0.0        1,825,408        659       2,770.0       3,232.0         512      28,128      2,235.6  triton_poi_fused_scaled_fp4_quant_view_zeros_0                                                      
      0.0        1,762,816          2     881,408.0     881,408.0     817,952     944,864     89,740.3  void at::native::<unnamed>::distribution_elementwise_grid_stride_kernel<float, (int)4, void at::nat…
      0.0        1,689,184        116      14,561.9       2,880.0       1,152     189,856     30,921.9  void at::native::<unnamed>::distribution_elementwise_grid_stride_kernel<float, (int)4, void at::nat…
      0.0        1,527,975        896       1,705.3       1,280.0       1,216      16,480      1,208.3  void tensorrt_llm::kernels::cutlass_kernels::globalExpertPrefixSumKernel<(int)256>(const int *, int…
      0.0        1,514,304        235       6,443.8       2,752.0       2,304      98,080     15,026.3  triton_red_fused__to_copy_add_mean_mul_pow_rsqrt_2                                                  
      0.0        1,474,656         33      44,686.5       2,816.0         896     272,224     74,710.8  void at::native::vectorized_elementwise_kernel<(int)4, at::native::bfloat16_copy_kernel_cuda(at::Te…
      0.0        1,426,398        480       2,971.7       2,432.0       2,048      36,640      2,131.0  void tensorrt_llm::kernels::cutlass_kernels::fusedBuildExpertMapsSortFirstTokenKernel<(int)64, (int…
      0.0        1,292,576        144       8,976.2       7,184.0       5,984      19,136      3,782.5  nvjet_sm121_tst_mma_64x72x64_5_16x72x64_tmaAB_alignCD4_splitK_TNNN                                  
      0.0        1,264,576        192       6,586.3       6,304.0       5,120      32,096      2,252.0  nvjet_sm121_tst_mma_192x16x64_3_32x16x64_tmaAB_alignCD4_splitK_TNNN                                 
      0.0        1,044,224        308       3,390.3       1,632.0       1,056      19,456      3,340.1  void at::native::vectorized_gather_kernel<(int)16, long>(char *, char *, T2 *, int, long, long, lon…
      0.0          815,008         48      16,979.3      16,656.0      16,128      22,752        991.0  void flashinfer::BatchPrefillWithPagedKVCacheKernel<flashinfer::KernelTraits<(flashinfer::MaskMode)…
      0.0          664,480         48      13,843.3      13,552.0      11,904      18,080      1,456.2  nvjet_sm121_tst_mma_32x64x64_8_16x32x64_tmaAB_alignCD4_bz_TNNN                                      
      0.0          654,591        288       2,272.9       2,080.0       1,343      15,840      1,485.2  void tensorrt_llm::kernels::cutlass_kernels::globalExpertPrefixSumKernel<(int)512>(const int *, int…
      0.0          615,904        215       2,864.7       1,664.0       1,248      20,832      2,531.0  _copy_page_indices_kernel                                                                           
      0.0          603,680        280       2,156.0       2,016.0       1,248       6,272      1,171.2  void at::native::unrolled_elementwise_kernel<at::native::direct_copy_kernel_cuda(at::TensorIterator…
      0.0          550,624        288       1,911.9       1,824.0       1,376       4,928        541.5  void at::native::reduce_kernel<(int)512, (int)1, at::native::ReduceOp<float, at::native::func_wrapp…
      0.0          494,880         84       5,891.4       2,656.0       1,856      46,912      7,852.2  void at::native::unrolled_elementwise_kernel<at::native::direct_copy_kernel_cuda(at::TensorIterator…
      0.0          472,808        256       1,846.9       1,760.0       1,312       3,008        390.8  void tensorrt_llm::kernels::cutlass_kernels::blockExpertPrefixSumKernel<(int)128>(const int *, int …
      0.0          420,576        192       2,190.5       2,048.0       1,920       3,808        280.3  void at_cuda_detail::cub::detail::select::DeviceSelectSweepKernel<at_cuda_detail::cub::detail::sele…
      0.0          416,672        196       2,125.9       1,856.0         768      22,048      2,293.9  void at::native::vectorized_elementwise_kernel<(int)2, at::native::FillFunctor<long>, std::array<ch…
      0.0          391,040        141       2,773.3       2,400.0       1,408      19,968      1,636.2  void at::native::index_elementwise_kernel<(int)128, (int)4, void at::native::gpu_index_kernel<void …
      0.0          377,216        240       1,571.7       1,312.0       1,216       7,488      1,119.1  void cublasLt::splitKreduce_kernel<(int)32, (int)16, int, __nv_bfloat16, __nv_bfloat16, float, __nv…
      0.0          366,496        140       2,617.8       2,176.0       1,760      11,872      1,080.3  _compute_slot_mapping_kernel                                                                        
      0.0          327,712        140       2,340.8       1,376.0       1,312     116,192      9,696.7  void at::native::vectorized_elementwise_kernel<(int)4, at::native::CUDAFunctor_add<int>, std::array…
      0.0          312,032        240       1,300.1       1,280.0         960       7,488        555.7  void at::native::vectorized_elementwise_kernel<(int)4, void at::native::compare_scalar_kernel<c10::…
      0.0          226,368        144       1,572.0       1,504.0       1,152       9,792        703.7  void at::native::unrolled_elementwise_kernel<at::native::direct_copy_kernel_cuda(at::TensorIterator…
      0.0          200,288         97       2,064.8       1,792.0       1,184      35,840      3,473.5  void at::native::elementwise_kernel<(int)128, (int)2, void at::native::gpu_kernel_impl_nocast<at::n…
      0.0          192,160        192       1,000.8         912.0         800       9,664        687.9  void at_cuda_detail::cub::detail::scan::DeviceCompactInitKernel<at_cuda_detail::cub::ScanTileState<…
      0.0          182,496         37       4,932.3       4,256.0       2,240      31,648      4,847.8  void <unnamed>::elementwise_kernel_with_index<int, at::native::arange_cuda_out(const c10::Scalar &,…
      0.0          156,416          1     156,416.0     156,416.0     156,416     156,416          0.0  void at::native::<unnamed>::CatArrayBatchedCopy_vectorized<at::native::<unnamed>::OpaqueType<(unsig…
      0.0          155,200        140       1,108.6       1,024.0         992       6,656        484.7  void at::native::vectorized_elementwise_kernel<(int)2, at::native::CUDAFunctor_add<long>, std::arra…
      0.0          154,784         48       3,224.7       1,056.0       1,024     100,800     14,394.3  void at::native::vectorized_elementwise_kernel<(int)4, at::native::<unnamed>::CompareFunctor<float>…
      0.0          150,624         96       1,569.0       1,536.0       1,216       2,592        146.2  void at::native::elementwise_kernel<(int)128, (int)2, void at::native::gpu_kernel_impl_nocast<at::n…
      0.0          146,304        144       1,016.0         992.0         960       2,368        129.6  void at::native::vectorized_elementwise_kernel<(int)4, at::native::AbsFunctor<float>, std::array<ch…
      0.0          145,472        140       1,039.1         992.0         960       3,872        263.2  void at::native::unrolled_elementwise_kernel<at::native::CUDAFunctorOnSelf_add<int>, std::array<cha…
      0.0          111,808         97       1,152.7       1,152.0       1,120       1,376         44.1  void at::native::vectorized_elementwise_kernel<(int)4, at::native::reciprocal_kernel_cuda(at::Tenso…
      0.0          105,728         96       1,101.3       1,056.0       1,024       1,344         96.7  void at::native::vectorized_elementwise_kernel<(int)4, at::native::BinaryFunctor<float, float, floa…
      0.0          101,664         20       5,083.2       5,152.0       2,848       6,880      1,357.9  tensorrt_llm::kernels::cutlass_kernels::prepareFakeRouterBuffers(int *, long, long, long)           
      0.0           99,904         48       2,081.3       1,984.0       1,952       4,032        402.9  void at::native::reduce_kernel<(int)512, (int)1, at::native::ReduceOp<bool, at::native::func_wrappe…
      0.0           93,600         16       5,850.0       5,760.0       4,448       7,648        638.3  void at::native::index_elementwise_kernel<(int)128, (int)4, void at::native::gpu_index_kernel<void …
      0.0           77,024         48       1,604.7       1,344.0       1,280       8,000      1,079.1  void at::native::elementwise_kernel<(int)128, (int)4, void at::native::gpu_kernel_impl_nocast<at::n…
      0.0           69,504         48       1,448.0       1,232.0       1,056      12,512      1,632.1  void at::native::vectorized_elementwise_kernel<(int)4, at::native::BinaryFunctor<bool, bool, bool, …
      0.0           60,320         48       1,256.7       1,056.0       1,024      10,528      1,370.0  void at::native::vectorized_elementwise_kernel<(int)4, at::native::BinaryFunctor<bool, bool, bool, …
      0.0           60,096         48       1,252.0       1,088.0       1,056       8,544      1,083.1  void at::native::vectorized_elementwise_kernel<(int)4, at::native::BinaryFunctor<bool, bool, bool, …
      0.0           54,944          1      54,944.0      54,944.0      54,944      54,944          0.0  void at::native::vectorized_elementwise_kernel<(int)4, at::native::sin_kernel_cuda(at::TensorIterat…
      0.0           53,184         48       1,108.0       1,152.0         960       1,696        120.9  void at::native::vectorized_elementwise_kernel<(int)4, at::native::AUnaryFunctor<float, float, bool…
      0.0           53,024         48       1,104.7       1,024.0         992       3,264        331.6  void at::native::elementwise_kernel<(int)128, (int)2, void at::native::gpu_kernel_impl_nocast<at::n…
      0.0           51,168         48       1,066.0       1,024.0       1,024       1,376         86.6  void at::native::elementwise_kernel<(int)128, (int)2, void at::native::gpu_kernel_impl_nocast<at::n…
      0.0           50,496         48       1,052.0       1,024.0         992       1,888        127.4  void at::native::vectorized_elementwise_kernel<(int)4, at::native::BinaryFunctor<float, float, bool…
      0.0           50,336          1      50,336.0      50,336.0      50,336      50,336          0.0  void at::native::vectorized_elementwise_kernel<(int)4, at::native::cos_kernel_cuda(at::TensorIterat…
      0.0           38,464         12       3,205.3       3,120.0       1,440       6,560      1,562.4  void at::native::<unnamed>::distribution_elementwise_grid_stride_kernel<float, (int)4, void at::nat…
      0.0           23,712         12       1,976.0       1,472.0         832       4,672      1,158.2  void at::native::vectorized_elementwise_kernel<(int)4, at::native::FillFunctor<float>, std::array<c…
      0.0           16,288         13       1,252.9         768.0         736       4,384      1,093.6  void at::native::unrolled_elementwise_kernel<at::native::FillFunctor<int>, std::array<char *, (unsi…
      0.0           10,048          4       2,512.0       2,640.0       1,920       2,848        416.8  void at::native::vectorized_elementwise_kernel<(int)4, void at::native::compare_scalar_kernel<float…
      0.0            8,960          2       4,480.0       4,480.0       4,032       4,928        633.6  void at::native::<unnamed>::distribution_elementwise_grid_stride_kernel<float, (int)4, void at::nat…
      0.0            5,472          2       2,736.0       2,736.0       2,016       3,456      1,018.2  void at::native::elementwise_kernel<(int)128, (int)2, void at::native::gpu_kernel_impl_nocast<at::n…
      0.0            5,152          2       2,576.0       2,576.0       1,760       3,392      1,154.0  void at::native::elementwise_kernel<(int)128, (int)4, void at::native::gpu_kernel_impl<at::native::…
      0.0            4,640          3       1,546.7       1,824.0         896       1,920        565.5  void at::native::vectorized_elementwise_kernel<(int)4, at::native::FillFunctor<bool>, std::array<ch…
      0.0            4,032          2       2,016.0       2,016.0         864       3,168      1,629.2  void at::native::vectorized_elementwise_kernel<(int)2, at::native::FillFunctor<double>, std::array<…
      0.0            3,712          2       1,856.0       1,856.0       1,792       1,920         90.5  void at::native::vectorized_elementwise_kernel<(int)2, at::native::<unnamed>::where_kernel_impl(at:…
      0.0            3,040          4         760.0         768.0         736         768         16.0  void at::native::unrolled_elementwise_kernel<at::native::FillFunctor<long>, std::array<char *, (uns…
      0.0            2,336          2       1,168.0       1,168.0       1,024       1,312        203.6  void <unnamed>::elementwise_kernel_with_index<int, at::native::arange_cuda_out(const c10::Scalar &,…
      0.0            1,952          1       1,952.0       1,952.0       1,952       1,952          0.0  void at::native::_scatter_gather_elementwise_kernel<(int)128, (int)8, void at::native::_cuda_scatte…
      0.0            1,248          1       1,248.0       1,248.0       1,248       1,248          0.0  void at::native::vectorized_elementwise_kernel<(int)4, at::native::BUnaryFunctor<float, float, floa…
      0.0              800          1         800.0         800.0         800         800          0.0  void <unnamed>::elementwise_kernel_with_index<int, at::native::arange_cuda_out(const c10::Scalar &,…

Processing [nsys_reports/qwen3_fp4_v5.sqlite] with [/opt/nvidia/nsight-systems/2026.1.3/target-linux-sbsa-armv8/reports/cuda_gpu_mem_time_sum.py]... 

 ** CUDA GPU MemOps Summary (by Time) (cuda_gpu_mem_time_sum):

 Time (%)  Total Time (ns)  Count    Avg (ns)    Med (ns)  Min (ns)    Max (ns)     StdDev (ns)             Operation           
 --------  ---------------  ------  -----------  --------  --------  -------------  ------------  ------------------------------
     99.9  102,991,876,192  77,785  1,324,058.3     992.0       160  3,475,548,384  17,361,799.0  [CUDA memcpy Host-to-Device]  
      0.1       54,602,492  18,008      3,032.1     960.0       704        267,040      14,484.3  [CUDA memcpy Device-to-Device]
      0.0       24,215,080  13,584      1,782.6     864.0       192         50,816       2,963.0  [CUDA memset]                 
      0.0          852,128     720      1,183.5     608.0       544         24,032       1,442.6  [CUDA memcpy Device-to-Host]  

Processing [nsys_reports/qwen3_fp4_v5.sqlite] with [/opt/nvidia/nsight-systems/2026.1.3/target-linux-sbsa-armv8/reports/cuda_gpu_mem_size_sum.py]... 

 ** CUDA GPU MemOps Summary (by Size) (cuda_gpu_mem_size_sum):

 Total (MB)  Count   Avg (MB)  Med (MB)  Min (MB)  Max (MB)  StdDev (MB)            Operation           
 ----------  ------  --------  --------  --------  --------  -----------  ------------------------------
 18,129.576  77,785     0.233     0.000     0.000   622.330        3.174  [CUDA memcpy Host-to-Device]  
  7,572.653  18,008     0.421     0.004     0.000    25.166        1.809  [CUDA memcpy Device-to-Device]
  5,431.604  13,584     0.400     0.016     0.000     8.389        1.167  [CUDA memset]                 
      0.004     720     0.000     0.000     0.000     0.000        0.000  [CUDA memcpy Device-to-Host]  

Processing [nsys_reports/qwen3_fp4_v5.sqlite] with [/opt/nvidia/nsight-systems/2026.1.3/target-linux-sbsa-armv8/reports/openmp_sum.py]... 
SKIPPED: nsys_reports/qwen3_fp4_v5.sqlite does not contain OpenMP event data.

Processing [nsys_reports/qwen3_fp4_v5.sqlite] with [/opt/nvidia/nsight-systems/2026.1.3/target-linux-sbsa-armv8/reports/opengl_khr_range_sum.py]... 
SKIPPED: nsys_reports/qwen3_fp4_v5.sqlite does not contain KHR Extension (KHR_DEBUG) data.

Processing [nsys_reports/qwen3_fp4_v5.sqlite] with [/opt/nvidia/nsight-systems/2026.1.3/target-linux-sbsa-armv8/reports/opengl_khr_gpu_range_sum.py]... 
SKIPPED: nsys_reports/qwen3_fp4_v5.sqlite does not contain GPU KHR Extension (KHR_DEBUG) data.

Processing [nsys_reports/qwen3_fp4_v5.sqlite] with [/opt/nvidia/nsight-systems/2026.1.3/target-linux-sbsa-armv8/reports/vulkan_marker_sum.py]... 
SKIPPED: nsys_reports/qwen3_fp4_v5.sqlite does not contain Vulkan Debug Extension (Vulkan Debug Util) data.

Processing [nsys_reports/qwen3_fp4_v5.sqlite] with [/opt/nvidia/nsight-systems/2026.1.3/target-linux-sbsa-armv8/reports/vulkan_gpu_marker_sum.py]... 
SKIPPED: nsys_reports/qwen3_fp4_v5.sqlite does not contain GPU Vulkan Debug Extension (GPU Vulkan Debug markers) data.

Processing [nsys_reports/qwen3_fp4_v5.sqlite] with [/opt/nvidia/nsight-systems/2026.1.3/target-linux-sbsa-armv8/reports/dx11_pix_sum.py]... 
SKIPPED: nsys_reports/qwen3_fp4_v5.sqlite does not contain DX11 CPU debug markers.

Processing [nsys_reports/qwen3_fp4_v5.sqlite] with [/opt/nvidia/nsight-systems/2026.1.3/target-linux-sbsa-armv8/reports/dx12_gpu_marker_sum.py]... 
SKIPPED: nsys_reports/qwen3_fp4_v5.sqlite does not contain DX12 GPU debug markers.

Processing [nsys_reports/qwen3_fp4_v5.sqlite] with [/opt/nvidia/nsight-systems/2026.1.3/target-linux-sbsa-armv8/reports/dx12_pix_sum.py]... 
SKIPPED: nsys_reports/qwen3_fp4_v5.sqlite does not contain DX12 CPU debug markers.

Processing [nsys_reports/qwen3_fp4_v5.sqlite] with [/opt/nvidia/nsight-systems/2026.1.3/target-linux-sbsa-armv8/reports/wddm_queue_sum.py]... 
SKIPPED: nsys_reports/qwen3_fp4_v5.sqlite does not contain WDDM context data.

Processing [nsys_reports/qwen3_fp4_v5.sqlite] with [/opt/nvidia/nsight-systems/2026.1.3/target-linux-sbsa-armv8/reports/um_sum.py]... 
SKIPPED: nsys_reports/qwen3_fp4_v5.sqlite does not contain CUDA Unified Memory CPU page faults data.

Processing [nsys_reports/qwen3_fp4_v5.sqlite] with [/opt/nvidia/nsight-systems/2026.1.3/target-linux-sbsa-armv8/reports/um_total_sum.py]... 
SKIPPED: nsys_reports/qwen3_fp4_v5.sqlite does not contain CUDA Unified Memory CPU page faults data.

Processing [nsys_reports/qwen3_fp4_v5.sqlite] with [/opt/nvidia/nsight-systems/2026.1.3/target-linux-sbsa-armv8/reports/um_cpu_page_faults_sum.py]... 
SKIPPED: nsys_reports/qwen3_fp4_v5.sqlite does not contain CUDA Unified Memory CPU page faults data.

Processing [nsys_reports/qwen3_fp4_v5.sqlite] with [/opt/nvidia/nsight-systems/2026.1.3/target-linux-sbsa-armv8/reports/openacc_sum.py]... 
SKIPPED: nsys_reports/qwen3_fp4_v5.sqlite does not contain OpenACC event data.

Processing [nsys_reports/qwen3_fp4_v5.sqlite] with [/opt/nvidia/nsight-systems/2026.1.3/target-linux-sbsa-armv8/reports/syscall_sum.py]... 
SKIPPED: nsys_reports/qwen3_fp4_v5.sqlite does not contain syscall data.

