
NOTICE: Existing SQLite export found: nsys_reports/qwen3_fp8_v5.sqlite
        It is assumed file was previously exported from: nsys_reports/qwen3_fp8_v5.nsys-rep
        Consider using --force-export=true if needed.

Processing [nsys_reports/qwen3_fp8_v5.sqlite] with [/opt/nvidia/nsight-systems/2026.1.3/target-linux-sbsa-armv8/reports/nvtx_sum.py]... 

 ** NVTX Range Summary (nvtx_sum):

 Time (%)  Total Time (ns)  Instances    Avg (ns)       Med (ns)      Min (ns)     Max (ns)    StdDev (ns)   Style             Range           
 --------  ---------------  ---------  -------------  -------------  -----------  -----------  -----------  -------  --------------------------
     20.5      419,867,744          1  419,867,744.0  419,867,744.0  419,867,744  419,867,744          0.0  PushPop  :decode_step14_tokens49   
     17.8      365,768,064          1  365,768,064.0  365,768,064.0  365,768,064  365,768,064          0.0  PushPop  :prefill_step13_tokens2048
     15.5      318,600,128          1  318,600,128.0  318,600,128.0  318,600,128  318,600,128          0.0  PushPop  :prefill_step12_tokens2048
     12.5      256,211,104          1  256,211,104.0  256,211,104.0  256,211,104  256,211,104          0.0  PushPop  :prefill_step11_tokens2048
      3.4       69,523,984          1   69,523,984.0   69,523,984.0   69,523,984   69,523,984          0.0  PushPop  :decode_step1_tokens1     
      2.1       43,294,720          1   43,294,720.0   43,294,720.0   43,294,720   43,294,720          0.0  PushPop  :decode_step0_tokens64    
      1.8       37,005,968          1   37,005,968.0   37,005,968.0   37,005,968   37,005,968          0.0  PushPop  :decode_step141_tokens3   
      1.4       28,028,848          1   28,028,848.0   28,028,848.0   28,028,848   28,028,848          0.0  PushPop  :decode_step90_tokens4    
      1.3       27,266,240          1   27,266,240.0   27,266,240.0   27,266,240   27,266,240          0.0  PushPop  :prefill_step10_tokens2048
      0.4        8,096,464          1    8,096,464.0    8,096,464.0    8,096,464    8,096,464          0.0  PushPop  :decode_step56_tokens4    
      0.3        6,702,080          1    6,702,080.0    6,702,080.0    6,702,080    6,702,080          0.0  PushPop  :decode_step125_tokens4   
      0.3        5,750,976          1    5,750,976.0    5,750,976.0    5,750,976    5,750,976          0.0  PushPop  :decode_step127_tokens4   
      0.3        5,561,040          1    5,561,040.0    5,561,040.0    5,561,040    5,561,040          0.0  PushPop  :decode_step80_tokens4    
      0.3        5,239,328          1    5,239,328.0    5,239,328.0    5,239,328    5,239,328          0.0  PushPop  :decode_step126_tokens4   
      0.2        5,072,544          1    5,072,544.0    5,072,544.0    5,072,544    5,072,544          0.0  PushPop  :decode_step128_tokens4   
      0.2        4,961,536          1    4,961,536.0    4,961,536.0    4,961,536    4,961,536          0.0  PushPop  :decode_step92_tokens4    
      0.2        4,897,024          1    4,897,024.0    4,897,024.0    4,897,024    4,897,024          0.0  PushPop  :decode_step129_tokens4   
      0.2        4,847,632          1    4,847,632.0    4,847,632.0    4,847,632    4,847,632          0.0  PushPop  :decode_step136_tokens4   
      0.2        4,841,120          1    4,841,120.0    4,841,120.0    4,841,120    4,841,120          0.0  PushPop  :decode_step94_tokens4    
      0.2        4,823,584          1    4,823,584.0    4,823,584.0    4,823,584    4,823,584          0.0  PushPop  :decode_step115_tokens4   
      0.2        4,799,920          1    4,799,920.0    4,799,920.0    4,799,920    4,799,920          0.0  PushPop  :decode_step93_tokens4    
      0.2        4,776,960          1    4,776,960.0    4,776,960.0    4,776,960    4,776,960          0.0  PushPop  :decode_step101_tokens4   
      0.2        4,764,512          1    4,764,512.0    4,764,512.0    4,764,512    4,764,512          0.0  PushPop  :decode_step135_tokens4   
      0.2        4,746,208          1    4,746,208.0    4,746,208.0    4,746,208    4,746,208          0.0  PushPop  :decode_step132_tokens4   
      0.2        4,712,800          1    4,712,800.0    4,712,800.0    4,712,800    4,712,800          0.0  PushPop  :decode_step138_tokens4   
      0.2        4,703,360          1    4,703,360.0    4,703,360.0    4,703,360    4,703,360          0.0  PushPop  :decode_step75_tokens4    
      0.2        4,680,960          1    4,680,960.0    4,680,960.0    4,680,960    4,680,960          0.0  PushPop  :decode_step116_tokens4   
      0.2        4,667,072          1    4,667,072.0    4,667,072.0    4,667,072    4,667,072          0.0  PushPop  :decode_step139_tokens4   
      0.2        4,648,592          1    4,648,592.0    4,648,592.0    4,648,592    4,648,592          0.0  PushPop  :decode_step60_tokens4    
      0.2        4,638,688          1    4,638,688.0    4,638,688.0    4,638,688    4,638,688          0.0  PushPop  :decode_step133_tokens4   
      0.2        4,631,520          1    4,631,520.0    4,631,520.0    4,631,520    4,631,520          0.0  PushPop  :decode_step99_tokens4    
      0.2        4,592,272          1    4,592,272.0    4,592,272.0    4,592,272    4,592,272          0.0  PushPop  :decode_step98_tokens4    
      0.2        4,589,584          1    4,589,584.0    4,589,584.0    4,589,584    4,589,584          0.0  PushPop  :decode_step131_tokens4   
      0.2        4,589,168          1    4,589,168.0    4,589,168.0    4,589,168    4,589,168          0.0  PushPop  :decode_step130_tokens4   
      0.2        4,587,856          1    4,587,856.0    4,587,856.0    4,587,856    4,587,856          0.0  PushPop  :decode_step104_tokens4   
      0.2        4,587,072          1    4,587,072.0    4,587,072.0    4,587,072    4,587,072          0.0  PushPop  :decode_step95_tokens4    
      0.2        4,569,072          1    4,569,072.0    4,569,072.0    4,569,072    4,569,072          0.0  PushPop  :decode_step137_tokens4   
      0.2        4,567,088          1    4,567,088.0    4,567,088.0    4,567,088    4,567,088          0.0  PushPop  :decode_step140_tokens4   
      0.2        4,552,992          1    4,552,992.0    4,552,992.0    4,552,992    4,552,992          0.0  PushPop  :decode_step103_tokens4   
      0.2        4,526,624          1    4,526,624.0    4,526,624.0    4,526,624    4,526,624          0.0  PushPop  :decode_step47_tokens4    
      0.2        4,515,696          1    4,515,696.0    4,515,696.0    4,515,696    4,515,696          0.0  PushPop  :decode_step96_tokens4    
      0.2        4,512,592          1    4,512,592.0    4,512,592.0    4,512,592    4,512,592          0.0  PushPop  :decode_step59_tokens4    
      0.2        4,506,672          1    4,506,672.0    4,506,672.0    4,506,672    4,506,672          0.0  PushPop  :decode_step134_tokens4   
      0.2        4,464,512          1    4,464,512.0    4,464,512.0    4,464,512    4,464,512          0.0  PushPop  :decode_step100_tokens4   
      0.2        4,456,704          1    4,456,704.0    4,456,704.0    4,456,704    4,456,704          0.0  PushPop  :decode_step63_tokens4    
      0.2        4,440,480          1    4,440,480.0    4,440,480.0    4,440,480    4,440,480          0.0  PushPop  :decode_step117_tokens4   
      0.2        4,429,776          1    4,429,776.0    4,429,776.0    4,429,776    4,429,776          0.0  PushPop  :decode_step105_tokens4   
      0.2        4,419,872          1    4,419,872.0    4,419,872.0    4,419,872    4,419,872          0.0  PushPop  :decode_step97_tokens4    
      0.2        4,419,344          1    4,419,344.0    4,419,344.0    4,419,344    4,419,344          0.0  PushPop  :decode_step62_tokens4    
      0.2        4,416,928          1    4,416,928.0    4,416,928.0    4,416,928    4,416,928          0.0  PushPop  :decode_step64_tokens4    
      0.2        4,406,096          1    4,406,096.0    4,406,096.0    4,406,096    4,406,096          0.0  PushPop  :decode_step58_tokens4    
      0.2        4,387,472          1    4,387,472.0    4,387,472.0    4,387,472    4,387,472          0.0  PushPop  :decode_step108_tokens4   
      0.2        4,386,448          1    4,386,448.0    4,386,448.0    4,386,448    4,386,448          0.0  PushPop  :decode_step118_tokens4   
      0.2        4,350,976          1    4,350,976.0    4,350,976.0    4,350,976    4,350,976          0.0  PushPop  :decode_step102_tokens4   
      0.2        4,344,976          1    4,344,976.0    4,344,976.0    4,344,976    4,344,976          0.0  PushPop  :decode_step120_tokens4   
      0.2        4,340,384          1    4,340,384.0    4,340,384.0    4,340,384    4,340,384          0.0  PushPop  :decode_step114_tokens4   
      0.2        4,330,096          1    4,330,096.0    4,330,096.0    4,330,096    4,330,096          0.0  PushPop  :decode_step76_tokens4    
      0.2        4,298,080          1    4,298,080.0    4,298,080.0    4,298,080    4,298,080          0.0  PushPop  :decode_step123_tokens4   
      0.2        4,289,504          1    4,289,504.0    4,289,504.0    4,289,504    4,289,504          0.0  PushPop  :decode_step112_tokens4   
      0.2        4,281,712          1    4,281,712.0    4,281,712.0    4,281,712    4,281,712          0.0  PushPop  :decode_step122_tokens4   
      0.2        4,269,504          1    4,269,504.0    4,269,504.0    4,269,504    4,269,504          0.0  PushPop  :decode_step106_tokens4   
      0.2        4,253,728          1    4,253,728.0    4,253,728.0    4,253,728    4,253,728          0.0  PushPop  :decode_step107_tokens4   
      0.2        4,251,904          1    4,251,904.0    4,251,904.0    4,251,904    4,251,904          0.0  PushPop  :decode_step124_tokens4   
      0.2        4,242,064          1    4,242,064.0    4,242,064.0    4,242,064    4,242,064          0.0  PushPop  :decode_step110_tokens4   
      0.2        4,227,760          1    4,227,760.0    4,227,760.0    4,227,760    4,227,760          0.0  PushPop  :decode_step111_tokens4   
      0.2        4,221,344          1    4,221,344.0    4,221,344.0    4,221,344    4,221,344          0.0  PushPop  :decode_step121_tokens4   
      0.2        4,211,504          1    4,211,504.0    4,211,504.0    4,211,504    4,211,504          0.0  PushPop  :decode_step113_tokens4   
      0.2        4,210,512          1    4,210,512.0    4,210,512.0    4,210,512    4,210,512          0.0  PushPop  :decode_step77_tokens4    
      0.2        4,194,896          1    4,194,896.0    4,194,896.0    4,194,896    4,194,896          0.0  PushPop  :decode_step84_tokens4    
      0.2        4,192,816          1    4,192,816.0    4,192,816.0    4,192,816    4,192,816          0.0  PushPop  :decode_step119_tokens4   
      0.2        4,111,680          1    4,111,680.0    4,111,680.0    4,111,680    4,111,680          0.0  PushPop  :decode_step86_tokens4    
      0.2        4,111,664          1    4,111,664.0    4,111,664.0    4,111,664    4,111,664          0.0  PushPop  :decode_step85_tokens4    
      0.2        4,111,264          1    4,111,264.0    4,111,264.0    4,111,264    4,111,264          0.0  PushPop  :decode_step78_tokens4    
      0.2        4,050,688          1    4,050,688.0    4,050,688.0    4,050,688    4,050,688          0.0  PushPop  :decode_step82_tokens4    
      0.2        4,041,488          1    4,041,488.0    4,041,488.0    4,041,488    4,041,488          0.0  PushPop  :decode_step109_tokens4   
      0.2        4,010,608          1    4,010,608.0    4,010,608.0    4,010,608    4,010,608          0.0  PushPop  :decode_step81_tokens4    
      0.2        4,008,256          1    4,008,256.0    4,008,256.0    4,008,256    4,008,256          0.0  PushPop  :decode_step61_tokens4    
      0.2        4,003,472          1    4,003,472.0    4,003,472.0    4,003,472    4,003,472          0.0  PushPop  :decode_step89_tokens4    
      0.2        3,992,096          1    3,992,096.0    3,992,096.0    3,992,096    3,992,096          0.0  PushPop  :decode_step83_tokens4    
      0.2        3,984,352          1    3,984,352.0    3,984,352.0    3,984,352    3,984,352          0.0  PushPop  :decode_step87_tokens4    
      0.2        3,948,576          1    3,948,576.0    3,948,576.0    3,948,576    3,948,576          0.0  PushPop  :decode_step88_tokens4    
      0.2        3,911,888          1    3,911,888.0    3,911,888.0    3,911,888    3,911,888          0.0  PushPop  :decode_step91_tokens4    
      0.2        3,869,632          1    3,869,632.0    3,869,632.0    3,869,632    3,869,632          0.0  PushPop  :decode_step57_tokens4    
      0.2        3,845,920          1    3,845,920.0    3,845,920.0    3,845,920    3,845,920          0.0  PushPop  :decode_step26_tokens4    
      0.2        3,568,544          1    3,568,544.0    3,568,544.0    3,568,544    3,568,544          0.0  PushPop  :decode_step65_tokens4    
      0.2        3,531,552          1    3,531,552.0    3,531,552.0    3,531,552    3,531,552          0.0  PushPop  :decode_step68_tokens4    
      0.2        3,392,176          1    3,392,176.0    3,392,176.0    3,392,176    3,392,176          0.0  PushPop  :decode_step4_tokens1     
      0.2        3,329,952          1    3,329,952.0    3,329,952.0    3,329,952    3,329,952          0.0  PushPop  :decode_step66_tokens4    
      0.2        3,229,184          1    3,229,184.0    3,229,184.0    3,229,184    3,229,184          0.0  PushPop  :decode_step67_tokens4    
      0.2        3,221,712          1    3,221,712.0    3,221,712.0    3,221,712    3,221,712          0.0  PushPop  :decode_step73_tokens4    
      0.2        3,221,536          1    3,221,536.0    3,221,536.0    3,221,536    3,221,536          0.0  PushPop  :decode_step15_tokens4    
      0.2        3,219,536          1    3,219,536.0    3,219,536.0    3,219,536    3,219,536          0.0  PushPop  :decode_step79_tokens4    
      0.2        3,182,544          1    3,182,544.0    3,182,544.0    3,182,544    3,182,544          0.0  PushPop  :decode_step70_tokens4    
      0.2        3,157,984          1    3,157,984.0    3,157,984.0    3,157,984    3,157,984          0.0  PushPop  :decode_step69_tokens4    
      0.2        3,157,440          1    3,157,440.0    3,157,440.0    3,157,440    3,157,440          0.0  PushPop  :decode_step2_tokens1     
      0.2        3,156,784          1    3,156,784.0    3,156,784.0    3,156,784    3,156,784          0.0  PushPop  :decode_step71_tokens4    
      0.2        3,094,560          1    3,094,560.0    3,094,560.0    3,094,560    3,094,560          0.0  PushPop  :decode_step16_tokens4    
      0.1        2,971,760          1    2,971,760.0    2,971,760.0    2,971,760    2,971,760          0.0  PushPop  :decode_step72_tokens4    
      0.1        2,858,512          1    2,858,512.0    2,858,512.0    2,858,512    2,858,512          0.0  PushPop  :decode_step3_tokens1     
      0.1        2,839,808          1    2,839,808.0    2,839,808.0    2,839,808    2,839,808          0.0  PushPop  :decode_step19_tokens4    
      0.1        2,762,640          1    2,762,640.0    2,762,640.0    2,762,640    2,762,640          0.0  PushPop  :decode_step74_tokens4    
      0.1        2,750,416          1    2,750,416.0    2,750,416.0    2,750,416    2,750,416          0.0  PushPop  :decode_step28_tokens4    
      0.1        2,696,176          1    2,696,176.0    2,696,176.0    2,696,176    2,696,176          0.0  PushPop  :decode_step49_tokens4    
      0.1        2,550,544          1    2,550,544.0    2,550,544.0    2,550,544    2,550,544          0.0  PushPop  :decode_step7_tokens1     
      0.1        2,528,480          1    2,528,480.0    2,528,480.0    2,528,480    2,528,480          0.0  PushPop  :decode_step38_tokens4    
      0.1        2,524,944          1    2,524,944.0    2,524,944.0    2,524,944    2,524,944          0.0  PushPop  :decode_step5_tokens1     
      0.1        2,469,872          1    2,469,872.0    2,469,872.0    2,469,872    2,469,872          0.0  PushPop  :decode_step35_tokens4    
      0.1        2,468,288          1    2,468,288.0    2,468,288.0    2,468,288    2,468,288          0.0  PushPop  :decode_step33_tokens4    
      0.1        2,449,344          1    2,449,344.0    2,449,344.0    2,449,344    2,449,344          0.0  PushPop  :decode_step6_tokens1     
      0.1        2,443,376          1    2,443,376.0    2,443,376.0    2,443,376    2,443,376          0.0  PushPop  :decode_step18_tokens4    
      0.1        2,431,232          1    2,431,232.0    2,431,232.0    2,431,232    2,431,232          0.0  PushPop  :decode_step37_tokens4    
      0.1        2,399,344          1    2,399,344.0    2,399,344.0    2,399,344    2,399,344          0.0  PushPop  :decode_step27_tokens4    
      0.1        2,377,344          1    2,377,344.0    2,377,344.0    2,377,344    2,377,344          0.0  PushPop  :decode_step24_tokens4    
      0.1        2,341,936          1    2,341,936.0    2,341,936.0    2,341,936    2,341,936          0.0  PushPop  :decode_step22_tokens4    
      0.1        2,341,840          1    2,341,840.0    2,341,840.0    2,341,840    2,341,840          0.0  PushPop  :decode_step36_tokens4    
      0.1        2,331,120          1    2,331,120.0    2,331,120.0    2,331,120    2,331,120          0.0  PushPop  :decode_step50_tokens4    
      0.1        2,316,800          1    2,316,800.0    2,316,800.0    2,316,800    2,316,800          0.0  PushPop  :decode_step20_tokens4    
      0.1        2,311,584          1    2,311,584.0    2,311,584.0    2,311,584    2,311,584          0.0  PushPop  :decode_step25_tokens4    
      0.1        2,301,264          1    2,301,264.0    2,301,264.0    2,301,264    2,301,264          0.0  PushPop  :decode_step32_tokens4    
      0.1        2,283,584          1    2,283,584.0    2,283,584.0    2,283,584    2,283,584          0.0  PushPop  :decode_step23_tokens4    
      0.1        2,279,088          1    2,279,088.0    2,279,088.0    2,279,088    2,279,088          0.0  PushPop  :decode_step44_tokens4    
      0.1        2,268,528          1    2,268,528.0    2,268,528.0    2,268,528    2,268,528          0.0  PushPop  :decode_step52_tokens4    
      0.1        2,246,896          1    2,246,896.0    2,246,896.0    2,246,896    2,246,896          0.0  PushPop  :decode_step43_tokens4    
      0.1        2,246,144          1    2,246,144.0    2,246,144.0    2,246,144    2,246,144          0.0  PushPop  :decode_step21_tokens4    
      0.1        2,240,576          1    2,240,576.0    2,240,576.0    2,240,576    2,240,576          0.0  PushPop  :decode_step29_tokens4    
      0.1        2,239,024          1    2,239,024.0    2,239,024.0    2,239,024    2,239,024          0.0  PushPop  :decode_step17_tokens4    
      0.1        2,232,512          1    2,232,512.0    2,232,512.0    2,232,512    2,232,512          0.0  PushPop  :decode_step41_tokens4    
      0.1        2,232,320          1    2,232,320.0    2,232,320.0    2,232,320    2,232,320          0.0  PushPop  :decode_step30_tokens4    
      0.1        2,228,304          1    2,228,304.0    2,228,304.0    2,228,304    2,228,304          0.0  PushPop  :decode_step31_tokens4    
      0.1        2,217,632          1    2,217,632.0    2,217,632.0    2,217,632    2,217,632          0.0  PushPop  :decode_step34_tokens4    
      0.1        2,214,976          1    2,214,976.0    2,214,976.0    2,214,976    2,214,976          0.0  PushPop  :decode_step42_tokens4    
      0.1        2,200,256          1    2,200,256.0    2,200,256.0    2,200,256    2,200,256          0.0  PushPop  :decode_step54_tokens4    
      0.1        2,186,912          1    2,186,912.0    2,186,912.0    2,186,912    2,186,912          0.0  PushPop  :decode_step55_tokens4    
      0.1        2,175,920          1    2,175,920.0    2,175,920.0    2,175,920    2,175,920          0.0  PushPop  :decode_step48_tokens4    
      0.1        2,163,664          1    2,163,664.0    2,163,664.0    2,163,664    2,163,664          0.0  PushPop  :decode_step39_tokens4    
      0.1        2,159,216          1    2,159,216.0    2,159,216.0    2,159,216    2,159,216          0.0  PushPop  :decode_step46_tokens4    
      0.1        2,155,872          1    2,155,872.0    2,155,872.0    2,155,872    2,155,872          0.0  PushPop  :decode_step40_tokens4    
      0.1        2,150,384          1    2,150,384.0    2,150,384.0    2,150,384    2,150,384          0.0  PushPop  :decode_step45_tokens4    
      0.1        2,129,856          1    2,129,856.0    2,129,856.0    2,129,856    2,129,856          0.0  PushPop  :decode_step51_tokens4    
      0.1        2,114,416          1    2,114,416.0    2,114,416.0    2,114,416    2,114,416          0.0  PushPop  :decode_step53_tokens4    
      0.0          617,168          1      617,168.0      617,168.0      617,168      617,168          0.0  PushPop  :decode_step142_tokens0   
      0.0          311,776          1      311,776.0      311,776.0      311,776      311,776          0.0  PushPop  :decode_step143_tokens0   
      0.0          220,912          1      220,912.0      220,912.0      220,912      220,912          0.0  PushPop  :decode_step8_tokens0     
      0.0           75,664          1       75,664.0       75,664.0       75,664       75,664          0.0  PushPop  :decode_step9_tokens0     

Processing [nsys_reports/qwen3_fp8_v5.sqlite] with [/opt/nvidia/nsight-systems/2026.1.3/target-linux-sbsa-armv8/reports/osrt_sum.py]... 

 ** OS Runtime Summary (osrt_sum):

 Time (%)   Total Time (ns)   Num Calls     Avg (ns)         Med (ns)      Min (ns)      Max (ns)        StdDev (ns)              Name         
 --------  -----------------  ---------  ---------------  ---------------  ---------  ---------------  ----------------  ----------------------
     31.1  4,410,926,047,264    227,513     19,387,578.1     10,166,032.0      1,008  338,727,379,040   1,380,204,248.9  epoll_wait            
     25.4  3,607,724,823,968      2,101  1,717,146,513.1      1,091,040.0      1,024    4,474,940,368   1,933,576,628.3  futex                 
     23.5  3,331,062,464,832     28,409    117,253,774.0    100,154,848.0      1,056    4,000,769,488     232,575,445.4  pthread_cond_timedwait
      7.9  1,117,051,353,120      7,357    151,835,171.0    100,210,912.0      1,056  107,250,828,736   1,362,341,911.2  poll                  
      3.4    483,789,996,672        322  1,502,453,405.8     27,789,496.0      7,760  123,998,779,760  12,868,663,675.9  sem_wait              
      3.2    454,568,667,376      3,079    147,635,163.2     30,081,552.0      1,008    1,001,549,008     300,412,541.3  epoll_pwait           
      3.1    440,002,137,808         45  9,777,825,284.6  9,999,946,400.0  1,053,776   10,000,872,864   1,490,558,584.4  sem_clockwait         
      2.4    337,454,561,696     33,319     10,127,991.9          2,848.0      1,008  332,545,570,816   1,821,887,984.1  read                  
      0.1      8,933,120,480      6,859      1,302,394.0          6,528.0      1,008      699,475,568      17,351,510.1  ioctl                 
      0.0      1,125,549,168         35     32,158,547.7         15,552.0      2,096    1,116,569,824     188,690,864.1  waitpid               
      0.0        453,039,424    212,908          2,127.9          1,760.0      1,008          254,800           2,024.8  stat64                
      0.0        147,178,512     47,873          3,074.4          2,560.0      1,008        2,460,368          11,399.9  open64                
      0.0        116,388,464         23      5,060,368.0      5,056,336.0  5,053,008        5,150,784          19,846.7  nanosleep             
      0.0        112,438,352         55      2,044,333.7        181,216.0      1,120       13,325,936       3,427,238.0  fread                 
      0.0        108,249,200        537        201,581.4        162,432.0      1,088       11,255,088         506,635.0  recv                  
      0.0         66,895,312         12      5,574,609.3          5,720.0      2,080       23,733,952       9,983,140.6  getdelim              
      0.0         48,963,520     25,895          1,890.8          1,216.0      1,008        3,735,408          24,164.2  mmap64                
      0.0         35,708,240         12      2,975,686.7        432,024.0      4,096       20,957,072       5,914,694.8  pthread_rwlock_wrlock 
      0.0         35,308,688     20,550          1,718.2          1,472.0      1,008           88,016             985.0  lstat64               
      0.0         30,312,064      1,385         21,886.0         11,728.0      1,008          272,240          21,529.8  write                 
      0.0         22,752,416        536         42,448.5         44,536.0      1,104          131,856          25,452.9  send                  
      0.0         18,693,584      7,349          2,543.7          1,456.0      1,008          500,432          12,859.2  close                 
      0.0         10,651,136        115         92,618.6         48,928.0     11,552        3,148,640         313,295.9  pthread_create        
      0.0          5,504,896        494         11,143.5          2,048.0      1,008        3,147,552         141,577.1  fopen                 
      0.0          4,084,800        127         32,163.8         10,384.0      1,008          368,656          59,380.3  pthread_mutex_lock    
      0.0          3,472,048        883          3,932.1          2,816.0      1,008          160,544           7,675.3  pthread_cond_signal   
      0.0          3,102,736         12        258,561.3        165,248.0     26,944          768,416         256,778.9  pthread_cond_wait     
      0.0          2,319,744          2      1,159,872.0      1,159,872.0    854,480        1,465,264         431,889.5  pthread_rwlock_rdlock 
      0.0          1,918,224        219          8,759.0          1,440.0      1,008          133,152          14,124.4  fgets                 
      0.0          1,492,736        441          3,384.9          2,640.0      1,008           98,688           4,932.1  open                  
      0.0          1,403,856          7        200,550.9         55,168.0     12,816          777,552         278,597.0  pthread_join          
      0.0          1,156,416        670          1,726.0          1,232.0      1,008          141,424           5,504.1  fstat64               
      0.0          1,153,920        796          1,449.6          1,088.0      1,008           10,144           1,034.2  fclose                
      0.0          1,005,104        224          4,487.1          4,232.0      1,024           10,480           2,155.2  epoll_ctl             
      0.0            749,184         10         74,918.4         12,352.0      7,024          284,704         112,192.1  sem_timedwait         
      0.0            543,264         39         13,929.8          9,392.0      1,056           46,960          12,848.9  close_range           
      0.0            505,184         10         50,518.4         17,544.0     10,240          182,384          67,471.6  connect               
      0.0            493,328        106          4,654.0          3,048.0      1,456           24,544           3,758.0  pipe2                 
      0.0            483,232        267          1,809.9          1,200.0      1,008           24,864           2,249.8  pthread_cond_broadcast
      0.0            444,912          8         55,614.0         47,024.0      2,464          155,840          59,930.0  getc                  
      0.0            376,352         49          7,680.7          5,536.0      2,496           45,856           7,026.5  socket                
      0.0            307,824        147          2,094.0          1,184.0      1,008           27,808           2,904.0  fflush                
      0.0            255,040         33          7,728.5          7,120.0      1,056           39,744           7,528.9  fopen64               
      0.0            221,488          1        221,488.0        221,488.0    221,488          221,488               0.0  kill                  
      0.0            171,344         32          5,354.5          4,328.0      1,632           33,424           5,711.8  bind                  
      0.0            102,704          9         11,411.6         12,880.0      2,064           17,168           5,661.5  accept4               
      0.0            100,880          5         20,176.0         16,320.0      3,072           40,736          17,728.3  writev                
      0.0             71,728         30          2,390.9          2,240.0      1,024            5,776           1,284.8  fcntl                 
      0.0             63,600         34          1,870.6          1,272.0      1,008           13,744           2,157.8  sigaction             
      0.0             51,840         29          1,787.6          1,504.0      1,024            3,616             706.2  dup2                  
      0.0             51,664          9          5,740.4          6,192.0      2,672            7,968           1,995.5  fflush_unlocked       
      0.0             37,872         14          2,705.1          1,760.0      1,024            6,816           1,831.4  stat                  
      0.0             37,664          4          9,416.0          7,480.0      3,584           19,120           7,389.9  socketpair            
      0.0             33,248          9          3,694.2          3,152.0      1,872            6,048           1,546.3  fwrite_unlocked       
      0.0             30,064         15          2,004.3          2,048.0      1,152            2,864             480.5  fcntl64               
      0.0             28,624          9          3,180.4          2,240.0      1,056           10,752           2,925.5  statx                 
      0.0             26,368         10          2,636.8          1,648.0      1,216            7,888           2,183.2  listen                
      0.0             16,768          8          2,096.0          1,944.0      1,392            2,928             594.7  fwrite                
      0.0             10,304          5          2,060.8          2,000.0      1,456            2,832             497.9  fputs                 
      0.0              8,336          4          2,084.0          2,288.0      1,264            2,496             577.1  fputs_unlocked        
      0.0              7,872          5          1,574.4          1,488.0      1,072            2,224             422.0  prctl                 
      0.0              5,424          4          1,356.0          1,296.0      1,168            1,664             217.6  fstat                 
      0.0              4,272          1          4,272.0          4,272.0      4,272            4,272               0.0  pthread_mutex_trylock 
      0.0              4,064          2          2,032.0          2,032.0      1,056            3,008           1,380.3  fdopen                
      0.0              1,568          1          1,568.0          1,568.0      1,568            1,568               0.0  mprotect              

Processing [nsys_reports/qwen3_fp8_v5.sqlite] with [/opt/nvidia/nsight-systems/2026.1.3/target-linux-sbsa-armv8/reports/cuda_api_sum.py]... 

 ** CUDA API Summary (cuda_api_sum):

 Time (%)  Total Time (ns)  Num Calls    Avg (ns)     Med (ns)    Min (ns)   Max (ns)     StdDev (ns)                  Name                
 --------  ---------------  ---------  ------------  -----------  --------  -----------  -------------  -----------------------------------
     93.5  184,853,879,088     48,946   3,776,690.2      3,792.0       864   66,895,440    5,354,849.6  cudaMemcpyAsync                    
      4.2    8,348,458,400        538  15,517,580.7    825,024.0     3,136  708,216,160   61,942,194.6  cudaMalloc                         
      0.4      847,436,608    129,257       6,556.2      2,752.0       752  162,869,360      458,193.4  cudaLaunchKernel                   
      0.3      571,345,760      2,634     216,911.8    100,168.0    55,696    6,138,720      592,184.4  cudaGraphInstantiateWithFlags      
      0.3      532,775,936      2,732     195,013.2     10,256.0     2,176   29,268,288    1,660,587.8  cudaDeviceSynchronize              
      0.3      528,780,784         48  11,016,266.3  3,437,112.0    19,488   90,206,032   18,899,952.9  cuLibraryLoadData                  
      0.2      488,014,080     36,962      13,203.1      2,320.0       608    4,997,968      134,179.8  cuLaunchKernel                     
      0.2      474,234,240         14  33,873,874.3    135,000.0    84,448  407,176,480  108,776,545.9  cuModuleLoadData                   
      0.2      331,894,832     26,084      12,724.1      2,416.0       640    7,848,848      141,829.8  cuLaunchKernelEx                   
      0.1      192,559,776        205     939,316.0  1,295,024.0    21,616    3,820,320      878,415.8  cudaGraphLaunch                    
      0.1      163,967,184         13  12,612,860.3     24,064.0     5,536  163,242,512   45,258,719.2  cudaMemGetInfo                     
      0.0       87,223,840     40,849       2,135.3        992.0       384      158,240        3,286.4  cudaStreamSynchronize              
      0.0       51,645,968        305     169,331.0     79,440.0    12,320    1,314,816      160,205.0  cudaFree                           
      0.0       30,667,808      2,634      11,643.1      3,824.0     2,048      660,112       64,172.7  cudaGraphDestroy                   
      0.0       20,661,792      6,768       3,052.9      2,512.0       928    3,286,032       40,998.0  cudaLaunchKernelExC                
      0.0       18,183,120    132,760         137.0        128.0        64       20,784          109.7  cudaStreamGetCaptureInfo           
      0.0       10,933,264    129,257          84.6         32.0         0    1,081,808        4,061.5  cuKernelGetName                    
      0.0        8,234,592        871       9,454.2        208.0       144    4,578,624      181,439.8  cuKernelGetFunction                
      0.0        7,157,680     40,206         178.0        144.0        80       10,032          230.5  cudaStreamIsCapturing              
      0.0        6,160,608         81      76,056.9      1,184.0       144    2,318,864      309,744.1  cuLibraryGetKernel                 
      0.0        5,457,632     53,856         101.3         64.0        16      618,432        2,666.0  cuTensorMapEncodeTiled             
      0.0        4,726,000        128      36,921.9      2,000.0     1,328      407,856       69,415.1  cudaStreamCreateWithPriority       
      0.0        3,816,672        100      38,166.7     19,576.0    10,848      957,328      118,845.7  cudaGraphExecDestroy               
      0.0        3,710,464         35     106,013.3      2,160.0     1,104    2,378,192      415,777.0  cudaHostAlloc                      
      0.0        3,544,160          9     393,795.6    349,472.0   254,912      578,576      116,037.6  cuModuleLoad                       
      0.0        3,466,784        298      11,633.5      5,768.0     2,032      966,640       55,904.8  cudaEventSynchronize               
      0.0        3,239,696      8,016         404.2        192.0        96      658,592        8,064.1  cuKernelSetAttribute               
      0.0        2,880,528      2,634       1,093.6        736.0       560       37,280        2,700.8  cudaStreamEndCapture               
      0.0        2,398,304        412       5,821.1      2,776.0       544    1,049,296       51,605.0  cudaEventRecord                    
      0.0        1,952,992      2,634         741.5        560.0       384      216,416        4,232.7  cudaStreamBeginCapture             
      0.0        1,416,368        113      12,534.2     11,328.0     4,752       58,032        6,708.5  cudaMemsetAsync                    
      0.0        1,301,632        115      11,318.5      3,248.0     1,056      981,120       91,246.4  cudaEventRecordWithFlags           
      0.0        1,083,280      2,634         411.3        304.0       208       70,080        1,447.3  cudaGraphGetNodes                  
      0.0          874,384      5,288         165.4        144.0        80        1,216           85.2  cudaThreadExchangeStreamCaptureMode
      0.0          804,608        115       6,996.6      2,816.0     1,248      465,200       43,116.6  cudaStreamWaitEvent                
      0.0          732,016        247       2,963.6      1,648.0       160      207,072       13,142.8  cudaEventCreateWithFlags           
      0.0          497,904        214       2,326.7      1,848.0       528       17,136        1,943.7  cudaEventQuery                     
      0.0          176,768      1,373         128.7         96.0        16        1,584           96.9  cuGetProcAddress_v2                
      0.0          134,912        115       1,173.1      1,296.0       512        4,240          613.3  cudaEventDestroy                   
      0.0           14,128          1      14,128.0     14,128.0    14,128       14,128            0.0  cudaFreeHost                       
      0.0            9,488          5       1,897.6      2,016.0       464        2,816          870.8  cuInit                             
      0.0            1,728          3         576.0        464.0       464          800          194.0  cuCtxSetCurrent                    
      0.0              848          3         282.7        176.0        32          640          317.7  cuModuleGetLoadingMode             
      0.0              720          3         240.0        224.0       176          320           73.3  cudaGetDriverEntryPointByVersion   
      0.0              256          2         128.0        128.0        80          176           67.9  cudaGetDeviceProperties            

Processing [nsys_reports/qwen3_fp8_v5.sqlite] with [/opt/nvidia/nsight-systems/2026.1.3/target-linux-sbsa-armv8/reports/cuda_gpu_kern_sum.py]... 

 ** CUDA GPU Kernel Summary (cuda_gpu_kern_sum):

 Time (%)  Total Time (ns)  Instances    Avg (ns)      Med (ns)     Min (ns)    Max (ns)   StdDev (ns)                                                  Name                                                
 --------  ---------------  ---------  ------------  ------------  ----------  ----------  -----------  ----------------------------------------------------------------------------------------------------
     46.8    3,695,154,903     19,846     186,191.4     135,104.0      53,088   2,415,328    227,619.2  fused_moe_kernel                                                                                    
      7.4      582,554,042     12,647      46,062.6      46,688.0      36,992     191,488      5,010.5  void cutlass::device_kernel<vllm::cutlass_3x_gemm_fp8_blockwise<cutlass::bfloat16_t, (int)128, (int…
      6.9      544,217,532      5,171     105,244.2     110,496.0       5,536     361,152     27,378.1  void flash::flash_fwd_splitkv_kernel<Flash_fwd_kernel_traits<(int)128, (int)64, (int)128, (int)4, (…
      5.5      436,032,704         96   4,542,007.3   4,117,088.0      49,696  11,000,992  4,504,379.6  void at::native::vectorized_elementwise_kernel<(int)4, at::native::FillFunctor<signed char>, std::a…
      5.2      412,433,696        288   1,432,061.4   1,241,824.0       6,368   3,758,112  1,193,880.3  void flash::flash_fwd_splitkv_kernel<Flash_fwd_kernel_traits<(int)128, (int)64, (int)128, (int)4, (…
      4.0      313,129,216      4,896      63,956.1      60,336.0      43,648     314,464     14,032.3  void cutlass::device_kernel<vllm::cutlass_3x_gemm_fp8_blockwise<cutlass::bfloat16_t, (int)1, (int)1…
      3.8      298,960,416      2,304     129,757.1      86,784.0      46,528     542,368     88,597.8  void cutlass::device_kernel<vllm::cutlass_3x_gemm_fp8_blockwise<cutlass::bfloat16_t, (int)1, (int)1…
      3.4      267,766,656        293     913,879.4       6,176.0       4,032   2,810,688  1,254,693.8  void cutlass::Kernel2<cutlass_80_wmma_tensorop_bf16_s161616gemm_bf16_16x16_128x2_tn_align8>(T1::Par…
      2.3      179,697,439      9,923      18,109.2       4,672.0       4,224     389,344     53,561.4  void at::native::reduce_kernel<(int)128, (int)4, at::native::ReduceOp<c10::BFloat16, at::native::fu…
      1.7      131,024,288      4,272      30,670.5       6,112.0       1,856     412,064     75,421.6  void vllm::act_and_mul_kernel<c10::BFloat16, __nv_bfloat162, &vllm::silu_kernel<c10::BFloat16>, &vl…
      1.3      106,148,952     20,278       5,234.7       1,632.0       1,312     212,704     18,141.1  void per_token_group_quant_8bit_kernel<c10::BFloat16, __nv_fp8_e4m3, (bool)0, (bool)0, float>(const…
      1.2       93,975,042      9,923       9,470.4       2,912.0       2,144     253,056     27,734.8  triton_red_fused__to_copy_add_mean_moe_forward_mul_pow_rsqrt_0                                      
      1.1       90,268,092      9,717       9,289.7       3,744.0       3,360     196,800     18,391.8  void vllm::rms_norm_per_block_quant_kernel<c10::BFloat16, c10::Float8_e4m3fn, (bool)1, (bool)1, (in…
      1.1       84,250,656      1,776      47,438.4      48,080.0       8,320     305,504     27,518.6  void flash::flash_fwd_splitkv_kernel<Flash_fwd_kernel_traits<(int)128, (int)64, (int)128, (int)4, (…
      1.0       78,790,974      9,717       8,108.6       1,440.0       1,216     240,832     27,762.4  triton_poi_fused_3                                                                                  
      1.0       77,404,703      5,027      15,397.8      14,528.0      13,888     113,088      3,947.5  void cutlass::Kernel2<cutlass_80_wmma_tensorop_bf16_s161616gemm_bf16_16x16_128x1_tn_align8>(T1::Par…
      0.8       62,045,342      9,491       6,537.3       1,760.0       1,472     110,944     14,290.5  void per_token_group_quant_8bit_kernel<c10::BFloat16, __nv_fp8_e4m3, (bool)1, (bool)0, float>(const…
      0.5       42,562,783     12,420       3,427.0       2,272.0         736     119,488      5,860.2  void vllm::reshape_and_cache_flash_kernel<__nv_bfloat16, __nv_bfloat16, (vllm::Fp8KVCacheDataType)0…
      0.5       42,129,599     13,127       3,209.4       1,984.0       1,696     108,256      3,261.8  void at::native::elementwise_kernel<(int)128, (int)4, void at::native::gpu_kernel_impl_nocast<at::n…
      0.5       40,976,832         12   3,414,736.0   3,400,816.0   3,361,632   3,628,064     69,795.9  std::enable_if<!T7, void>::type internal::gemvx::kernel<int, int, __nv_bfloat16, __nv_bfloat16, __n…
      0.5       37,295,583      9,923       3,758.5       3,456.0       3,360      38,432      1,570.3  void vllm::moe::topkGating<(int)8, (int)128, (int)4, (int)16, (int)32, int, __nv_bfloat16, (vllm::m…
      0.4       35,284,576          2  17,642,288.0  17,642,288.0  17,605,376  17,679,200     52,201.5  _topk_topp_kernel                                                                                   
      0.4       32,913,312      5,426       6,065.9       3,616.0         704      85,280      9,318.9  void at::native::vectorized_elementwise_kernel<(int)4, at::native::FillFunctor<c10::BFloat16>, std:…
      0.4       31,155,804      9,717       3,206.3         992.0         832     101,696      7,515.0  triton_red_fused_2                                                                                  
      0.2       18,753,213      9,717       1,929.9         832.0         704      72,384      3,631.8  triton_poi_fused__to_copy_permute_to_1                                                              
      0.2       17,945,567      4,835       3,711.6       3,616.0       3,520      87,680      1,369.0  void flash::flash_fwd_splitkv_combine_kernel<Flash_fwd_kernel_traits<(int)128, (int)64, (int)128, (…
      0.2       17,105,824      4,464       3,831.9       3,232.0       2,912      31,712      1,959.0  void vllm::moe::moe_align_block_size_kernel<int>(const T1 *, int *, int *, int *, int *, int, int, …
      0.1       11,629,152      1,296       8,973.1       8,416.0       5,280      60,480      3,972.8  nvjet_sm121_tst_mma_32x64x64_8_32x16x64_tmaAB_alignCD4_splitK_TNNN                                  
      0.1       10,791,648        288      37,471.0      38,048.0      23,008     115,008      7,124.7  nvjet_sm121_tst_mma_64x104x64_4_16x104x64_tmaAB_alignCD4_bz_TNNN                                    
      0.1       10,447,264      4,464       2,340.3       1,728.0       1,088      39,136      2,103.2  void vllm::moe::count_and_sort_expert_tokens_kernel<int>(const T1 *, int *, int *, int *, unsigned …
      0.1        9,561,216      5,651       1,692.0       1,664.0       1,120      15,008        565.5  void vllm::act_and_mul_kernel<c10::BFloat16, __nv_bfloat162, &vllm::silu_kernel<c10::BFloat16>, &vl…
      0.1        8,166,464      3,312       2,465.7       1,952.0       1,312      51,840      2,523.8  void cublasLt::splitKreduce_kernel<(int)32, (int)16, int, float, __nv_bfloat16, float, __nv_bfloat1…
      0.1        7,831,680          2   3,915,840.0   3,915,840.0   3,852,160   3,979,520     90,057.1  void cutlass::Kernel2<cutlass_80_tensorop_bf16_s16816gemm_relu_bf16_128x256_32x3_tn_align8>(T1::Par…
      0.1        7,553,536        768       9,835.3       8,160.0       4,864      57,344      5,401.5  nvjet_sm121_tst_mma_64x32x64_8_16x32x64_tmaAB_alignCD4_splitK_TNNN                                  
      0.1        5,282,112          2   2,641,056.0   2,641,056.0   2,623,872   2,658,240     24,301.8  void at::native::<unnamed>::cunn_SoftMaxForward<(int)4, float, float, float, at::native::<unnamed>:…
      0.1        5,254,656        432      12,163.6      11,424.0       9,088      60,128      4,155.9  nvjet_sm121_tst_mma_32x64x64_8_32x16x64_tmaAB_alignCD4_bz_TNNN                                      
      0.1        4,424,062      5,685         778.2         736.0         672       7,328        287.2  void at::native::vectorized_elementwise_kernel<(int)4, at::native::FillFunctor<int>, std::array<cha…
      0.1        4,010,624          2   2,005,312.0   2,005,312.0   1,900,768   2,109,856    147,847.5  void at::native::vectorized_elementwise_kernel<(int)4, at::native::BinaryFunctor<float, float, floa…
      0.0        3,573,696        115      31,075.6      11,264.0       2,688   1,314,176    156,073.5  void at::native::unrolled_elementwise_kernel<at::native::direct_copy_kernel_cuda(at::TensorIterator…
      0.0        3,385,184        117      28,933.2       6,624.0       5,632     684,672    118,878.7  void at::native::reduce_kernel<(int)512, (int)1, at::native::ReduceOp<float, at::native::ArgMaxOps<…
      0.0        3,033,440      1,728       1,755.5       1,440.0       1,024      39,200      2,049.4  void at::native::elementwise_kernel<(int)128, (int)2, void at::native::gpu_kernel_impl_nocast<at::n…
      0.0        2,596,736          2   1,298,368.0   1,298,368.0   1,253,312   1,343,424     63,718.8  void at::native::elementwise_kernel<(int)128, (int)2, void at::native::gpu_kernel_impl_nocast<at::n…
      0.0        2,294,336        192      11,949.7      11,440.0       8,992      41,824      3,695.5  nvjet_sm121_tst_mma_64x32x64_8_16x32x64_tmaAB_alignCD4_bz_TNNN                                      
      0.0        2,151,648        288       7,471.0       6,592.0       5,088      46,752      4,954.8  nvjet_sm121_tst_mma_64x32x64_8_64x8x64_tmaAB_alignCD4_splitK_TNNN                                   
      0.0        2,140,288        288       7,431.6       6,112.0       4,832      79,104      6,878.7  nvjet_sm121_tst_mma_32x128x64_4_16x64x64_tmaAB_alignCD4_splitK_TNNN                                 
      0.0        2,114,496        336       6,293.1       5,120.0       4,224     143,936      8,297.0  nvjet_sm121_tst_mma_64x56x64_6_16x56x64_tmaAB_alignCD4_splitK_TNNN                                  
      0.0        2,021,376        207       9,765.1       2,272.0       1,312     181,184     28,751.8  triton_poi_fused_2                                                                                  
      0.0        1,901,311        336       5,658.7       5,568.0       5,504      13,568        472.8  void flash::flash_fwd_splitkv_combine_kernel<Flash_fwd_kernel_traits<(int)128, (int)64, (int)128, (…
      0.0        1,811,328        432       4,192.9       3,808.0       3,552      26,880      1,419.2  std::enable_if<!T7, void>::type internal::gemvx::kernel<int, int, __nv_bfloat16, __nv_bfloat16, __n…
      0.0        1,634,048        207       7,894.0       4,576.0       1,664      93,408     12,586.5  triton_poi_fused__to_copy_embedding_0                                                               
      0.0        1,567,936          2     783,968.0     783,968.0     770,080     797,856     19,640.6  void at::native::<unnamed>::distribution_elementwise_grid_stride_kernel<float, (int)4, void at::nat…
      0.0        1,472,640        207       7,114.2       3,648.0       3,328      56,288      8,532.6  void vllm::rms_norm_per_block_quant_kernel<c10::BFloat16, c10::Float8_e4m3fn, (bool)0, (bool)1, (in…
      0.0        1,366,368        206       6,632.9       2,784.0       2,272     107,104     16,312.2  triton_red_fused__to_copy_add_mean_mul_pow_rsqrt_1                                                  
      0.0        1,142,368        192       5,949.8       5,120.0       4,320      68,736      5,384.9  nvjet_sm121_tst_mma_192x16x64_3_32x16x64_tmaAB_alignCD4_splitK_TNNN                                 
      0.0        1,122,592        280       4,009.3       2,064.0       1,056      59,776      5,233.8  void at::native::vectorized_gather_kernel<(int)16, long>(char *, char *, T2 *, int, long, long, lon…
      0.0          920,736        144       6,394.0       5,824.0       5,088      31,840      3,046.7  nvjet_sm121_tst_mma_64x72x64_5_16x72x64_tmaAB_alignCD4_splitK_TNNN                                  
      0.0          611,680        207       2,955.0       1,120.0         896      47,584      6,360.1  triton_red_fused_1                                                                                  
      0.0          560,288        227       2,468.2       2,112.0       1,280       8,192      1,507.5  void at::native::unrolled_elementwise_kernel<at::native::direct_copy_kernel_cuda(at::TensorIterator…
      0.0          540,928         48      11,269.3      10,864.0       9,088      15,456      1,678.1  nvjet_sm121_tst_mma_32x64x64_8_16x32x64_tmaAB_alignCD4_bz_TNNN                                      
      0.0          405,248        204       1,986.5       1,856.0         736      14,144      1,474.1  void at::native::vectorized_elementwise_kernel<(int)4, at::native::FillFunctor<float>, std::array<c…
      0.0          367,808        190       1,935.8       1,888.0         768       8,640      1,000.4  void at::native::vectorized_elementwise_kernel<(int)2, at::native::FillFunctor<long>, std::array<ch…
      0.0          326,336        114       2,862.6       2,688.0       2,400       7,456        879.6  void at::native::index_elementwise_kernel<(int)128, (int)4, void at::native::gpu_index_kernel<void …
      0.0          260,384        192       1,356.2       1,280.0       1,216       9,472        617.9  void cublasLt::splitKreduce_kernel<(int)32, (int)16, int, __nv_bfloat16, __nv_bfloat16, float, __nv…
      0.0          230,432        114       2,021.3       1,888.0       1,760       4,544        429.0  _compute_slot_mapping_kernel                                                                        
      0.0          178,624        117       1,526.7       1,504.0       1,152       2,176        142.7  void at::native::unrolled_elementwise_kernel<at::native::direct_copy_kernel_cuda(at::TensorIterator…
      0.0          165,504        114       1,451.8       1,376.0       1,312       9,280        741.8  void at::native::vectorized_elementwise_kernel<(int)4, at::native::CUDAFunctor_add<int>, std::array…
      0.0          157,920         96       1,645.0       1,280.0       1,216       4,608        865.6  void at::native::vectorized_elementwise_kernel<(int)4, void at::native::compare_scalar_kernel<c10::…
      0.0          153,888          1     153,888.0     153,888.0     153,888     153,888          0.0  void at::native::<unnamed>::CatArrayBatchedCopy_vectorized<at::native::<unnamed>::OpaqueType<(unsig…
      0.0          134,592        114       1,180.6       1,088.0         992       2,176        193.8  void at::native::vectorized_elementwise_kernel<(int)2, at::native::CUDAFunctor_add<long>, std::arra…
      0.0          119,008        114       1,043.9         992.0         960       1,472         94.6  void at::native::unrolled_elementwise_kernel<at::native::CUDAFunctorOnSelf_add<int>, std::array<cha…
      0.0          112,640          1     112,640.0     112,640.0     112,640     112,640          0.0  void at::native::vectorized_elementwise_kernel<(int)4, at::native::bfloat16_copy_kernel_cuda(at::Te…
      0.0          108,384         16       6,774.0       5,792.0       4,448       9,760      1,532.5  void at::native::index_elementwise_kernel<(int)128, (int)4, void at::native::gpu_index_kernel<void …
      0.0           62,752          1      62,752.0      62,752.0      62,752      62,752          0.0  void at::native::vectorized_elementwise_kernel<(int)4, at::native::cos_kernel_cuda(at::TensorIterat…
      0.0           61,088          1      61,088.0      61,088.0      61,088      61,088          0.0  void at::native::vectorized_elementwise_kernel<(int)4, at::native::sin_kernel_cuda(at::TensorIterat…
      0.0           34,112          1      34,112.0      34,112.0      34,112      34,112          0.0  void at::native::elementwise_kernel<(int)128, (int)2, void at::native::gpu_kernel_impl_nocast<at::n…
      0.0           10,688          4       2,672.0       2,768.0       2,272       2,880        272.2  void at::native::vectorized_elementwise_kernel<(int)4, void at::native::compare_scalar_kernel<float…
      0.0           10,112         12         842.7         800.0         768         992         87.7  void at::native::unrolled_elementwise_kernel<at::native::FillFunctor<int>, std::array<char *, (unsi…
      0.0            8,256          2       4,128.0       4,128.0       4,000       4,256        181.0  void at::native::<unnamed>::distribution_elementwise_grid_stride_kernel<float, (int)4, void at::nat…
      0.0            5,088          3       1,696.0       1,888.0       1,024       2,176        599.5  void at::native::vectorized_elementwise_kernel<(int)4, at::native::FillFunctor<bool>, std::array<ch…
      0.0            4,896          2       2,448.0       2,448.0       1,536       3,360      1,289.8  void at::native::elementwise_kernel<(int)128, (int)2, void at::native::gpu_kernel_impl_nocast<at::n…
      0.0            4,288          2       2,144.0       2,144.0       1,792       2,496        497.8  void at::native::vectorized_elementwise_kernel<(int)2, at::native::<unnamed>::where_kernel_impl(at:…
      0.0            3,360          1       3,360.0       3,360.0       3,360       3,360          0.0  void at::native::elementwise_kernel<(int)128, (int)4, void at::native::gpu_kernel_impl<at::native::…
      0.0            2,048          1       2,048.0       2,048.0       2,048       2,048          0.0  void at::native::vectorized_elementwise_kernel<(int)2, at::native::FillFunctor<double>, std::array<…
      0.0            1,920          1       1,920.0       1,920.0       1,920       1,920          0.0  void at::native::vectorized_elementwise_kernel<(int)4, at::native::reciprocal_kernel_cuda(at::Tenso…
      0.0            1,888          1       1,888.0       1,888.0       1,888       1,888          0.0  void at::native::vectorized_elementwise_kernel<(int)4, at::native::AUnaryFunctor<float, float, floa…
      0.0            1,824          2         912.0         912.0         768       1,056        203.6  void <unnamed>::elementwise_kernel_with_index<int, at::native::arange_cuda_out(const c10::Scalar &,…
      0.0            1,504          2         752.0         752.0         736         768         22.6  void at::native::unrolled_elementwise_kernel<at::native::FillFunctor<long>, std::array<char *, (uns…
      0.0            1,216          1       1,216.0       1,216.0       1,216       1,216          0.0  void at::native::vectorized_elementwise_kernel<(int)4, at::native::BUnaryFunctor<float, float, floa…

Processing [nsys_reports/qwen3_fp8_v5.sqlite] with [/opt/nvidia/nsight-systems/2026.1.3/target-linux-sbsa-armv8/reports/cuda_gpu_mem_time_sum.py]... 

 ** CUDA GPU MemOps Summary (by Time) (cuda_gpu_mem_time_sum):

 Time (%)  Total Time (ns)  Count    Avg (ns)    Med (ns)  Min (ns)   Max (ns)   StdDev (ns)            Operation           
 --------  ---------------  ------  -----------  --------  --------  ----------  -----------  ------------------------------
    100.0  184,564,424,160  39,328  4,692,952.2   1,120.0       160  66,887,136  5,597,359.4  [CUDA memcpy Host-to-Device]  
      0.0       24,835,935  10,644      2,333.3     864.0       704      83,328      5,167.4  [CUDA memcpy Device-to-Device]
      0.0          430,432     209      2,059.5   2,880.0       576       5,376      1,393.1  [CUDA memcpy Device-to-Host]  
      0.0           58,656     113        519.1     352.0       192      12,960      1,199.4  [CUDA memset]                 

Processing [nsys_reports/qwen3_fp8_v5.sqlite] with [/opt/nvidia/nsight-systems/2026.1.3/target-linux-sbsa-armv8/reports/cuda_gpu_mem_size_sum.py]... 

 ** CUDA GPU MemOps Summary (by Size) (cuda_gpu_mem_size_sum):

 Total (MB)  Count   Avg (MB)  Med (MB)  Min (MB)  Max (MB)  StdDev (MB)            Operation           
 ----------  ------  --------  --------  --------  --------  -----------  ------------------------------
 31,215.727  39,328     0.794     0.000     0.000   622.330        4.517  [CUDA memcpy Host-to-Device]  
  5,763.624  10,644     0.541     0.016     0.000     8.389        1.403  [CUDA memcpy Device-to-Device]
      0.002     209     0.000     0.000     0.000     0.000        0.000  [CUDA memcpy Device-to-Host]  
      0.002     113     0.000     0.000     0.000     0.000        0.000  [CUDA memset]                 

Processing [nsys_reports/qwen3_fp8_v5.sqlite] with [/opt/nvidia/nsight-systems/2026.1.3/target-linux-sbsa-armv8/reports/openmp_sum.py]... 
SKIPPED: nsys_reports/qwen3_fp8_v5.sqlite does not contain OpenMP event data.

Processing [nsys_reports/qwen3_fp8_v5.sqlite] with [/opt/nvidia/nsight-systems/2026.1.3/target-linux-sbsa-armv8/reports/opengl_khr_range_sum.py]... 
SKIPPED: nsys_reports/qwen3_fp8_v5.sqlite does not contain KHR Extension (KHR_DEBUG) data.

Processing [nsys_reports/qwen3_fp8_v5.sqlite] with [/opt/nvidia/nsight-systems/2026.1.3/target-linux-sbsa-armv8/reports/opengl_khr_gpu_range_sum.py]... 
SKIPPED: nsys_reports/qwen3_fp8_v5.sqlite does not contain GPU KHR Extension (KHR_DEBUG) data.

Processing [nsys_reports/qwen3_fp8_v5.sqlite] with [/opt/nvidia/nsight-systems/2026.1.3/target-linux-sbsa-armv8/reports/vulkan_marker_sum.py]... 
SKIPPED: nsys_reports/qwen3_fp8_v5.sqlite does not contain Vulkan Debug Extension (Vulkan Debug Util) data.

Processing [nsys_reports/qwen3_fp8_v5.sqlite] with [/opt/nvidia/nsight-systems/2026.1.3/target-linux-sbsa-armv8/reports/vulkan_gpu_marker_sum.py]... 
SKIPPED: nsys_reports/qwen3_fp8_v5.sqlite does not contain GPU Vulkan Debug Extension (GPU Vulkan Debug markers) data.

Processing [nsys_reports/qwen3_fp8_v5.sqlite] with [/opt/nvidia/nsight-systems/2026.1.3/target-linux-sbsa-armv8/reports/dx11_pix_sum.py]... 
SKIPPED: nsys_reports/qwen3_fp8_v5.sqlite does not contain DX11 CPU debug markers.

Processing [nsys_reports/qwen3_fp8_v5.sqlite] with [/opt/nvidia/nsight-systems/2026.1.3/target-linux-sbsa-armv8/reports/dx12_gpu_marker_sum.py]... 
SKIPPED: nsys_reports/qwen3_fp8_v5.sqlite does not contain DX12 GPU debug markers.

Processing [nsys_reports/qwen3_fp8_v5.sqlite] with [/opt/nvidia/nsight-systems/2026.1.3/target-linux-sbsa-armv8/reports/dx12_pix_sum.py]... 
SKIPPED: nsys_reports/qwen3_fp8_v5.sqlite does not contain DX12 CPU debug markers.

Processing [nsys_reports/qwen3_fp8_v5.sqlite] with [/opt/nvidia/nsight-systems/2026.1.3/target-linux-sbsa-armv8/reports/wddm_queue_sum.py]... 
SKIPPED: nsys_reports/qwen3_fp8_v5.sqlite does not contain WDDM context data.

Processing [nsys_reports/qwen3_fp8_v5.sqlite] with [/opt/nvidia/nsight-systems/2026.1.3/target-linux-sbsa-armv8/reports/um_sum.py]... 
SKIPPED: nsys_reports/qwen3_fp8_v5.sqlite does not contain CUDA Unified Memory CPU page faults data.

Processing [nsys_reports/qwen3_fp8_v5.sqlite] with [/opt/nvidia/nsight-systems/2026.1.3/target-linux-sbsa-armv8/reports/um_total_sum.py]... 
SKIPPED: nsys_reports/qwen3_fp8_v5.sqlite does not contain CUDA Unified Memory CPU page faults data.

Processing [nsys_reports/qwen3_fp8_v5.sqlite] with [/opt/nvidia/nsight-systems/2026.1.3/target-linux-sbsa-armv8/reports/um_cpu_page_faults_sum.py]... 
SKIPPED: nsys_reports/qwen3_fp8_v5.sqlite does not contain CUDA Unified Memory CPU page faults data.

Processing [nsys_reports/qwen3_fp8_v5.sqlite] with [/opt/nvidia/nsight-systems/2026.1.3/target-linux-sbsa-armv8/reports/openacc_sum.py]... 
SKIPPED: nsys_reports/qwen3_fp8_v5.sqlite does not contain OpenACC event data.

Processing [nsys_reports/qwen3_fp8_v5.sqlite] with [/opt/nvidia/nsight-systems/2026.1.3/target-linux-sbsa-armv8/reports/syscall_sum.py]... 
SKIPPED: nsys_reports/qwen3_fp8_v5.sqlite does not contain syscall data.

